Id,SalePrice
2658,111829.92735372724
2718,171840.27400448176
2414,210840.39796786057
1989,112893.59808127243
625,169206.99282604016
333,96556.81851228962
1327,110355.75459214697
858,142590.87107606194
95,184853.96707121635
1568,173528.1933391427
2482,159577.8339705626
1364,116657.72067183287
2584,156855.92941119673
818,292592.3760807862
2673,140591.386038897
2089,148369.7543916591
1297,138290.71495000814
790,113127.25188676319
2616,207528.36997736336
720,171054.9967004904
222,150457.2460925457
557,119386.91630108785
1148,189058.47071493338
2766,153724.55932491162
534,187472.8745464886
1452,124232.08954359051
630,150680.9087307597
2648,118672.28948268604
125,143574.73523313666
1904,72071.88416548198
1670,109569.09337031792
756,83210.28469678583
717,168288.48378497091
1032,148731.03526888211
852,210930.62393180263
1731,196980.51942320704
2639,106593.97939993702
2071,86022.56749424041
1267,126632.27923490887
1851,190272.30065847182
567,157693.93613055482
2439,217913.76646899176
1898,145150.28843194334
647,172983.39044388573
2256,201711.18272076585
979,118037.59110210493
1444,210463.01765689798
2485,123951.96589143958
157,127932.07155756593
88,120009.89938696088
2003,107558.4372399669
186,189236.3771018691
1425,251957.8907503471
2695,112895.58231121289
738,105755.96838330997
395,153402.7580665123
1353,175671.4639421206
1878,157179.71160262503
390,175433.00749641002
1456,215648.69457747485
1103,294198.28482283093
1387,122185.9761078215
2070,150507.45031956243
1199,171548.77658091826
2479,163313.02061061218
501,319305.3107714583
2362,110249.15145853182
1718,195649.3203682628
2188,86046.83263071235
1483,148190.15569525678
2557,99237.08907294736
437,346780.0978314694
2224,190241.97673641625
1628,204441.91039003196
397,127975.45826930738
587,184130.01664567963
971,182354.339312579
2611,151972.10790216178
1887,115305.97971813717
2399,335458.0250594214
2148,211025.1472168133
304,113021.57001858254
1997,112915.46857949838
2817,108688.91965541722
1431,194167.18627364773
427,324477.5523189073
263,117763.91688776354
598,166829.02174210938
2895,251730.0755102258
687,149365.02690059145
1822,134228.85241142294
2191,92096.42809824171
179,139205.52157852275
1009,239417.63691161797
2010,124112.59759044014
1991,120624.74126721962
1411,134481.78311689704
1721,257021.5100646061
1144,171444.30474337147
593,208693.34234637383
575,256757.00845380637
1249,186455.03411683696
1604,132409.2374404455
1064,479923.4866323534
1923,160359.5028032969
1988,109966.05996560394
2325,173492.0466766074
114,203274.7648670552
2700,176416.95384060038
217,121184.62444022883
343,174568.15832831326
386,231392.46593328434
2005,122620.2834902736
2908,154062.05997940007
1814,223150.53712727322
2446,578579.698916486
208,133398.78831888153
1679,112791.45264356211
822,293045.90464311687
6,186052.37409013166
1781,360334.3302947273
2397,289316.0837469591
2340,327068.0523980725
1618,167533.4220398063
2843,111064.07936643633
1061,343863.18121420115
2786,125321.33661164988
1935,132551.66799592468
1341,126753.30686377332
521,277432.74074035365
2136,137454.6022840971
996,191773.47750286627
227,144668.49391074004
135,171922.24062896916
1167,159010.47271981213
294,219361.61280105388
1776,203292.55240516728
540,187148.397122756
1717,201589.3649398114
2303,129365.04708739846
116,176804.08118422094
127,142371.49021609846
1371,129353.52773124071
1014,184756.2239131631
1507,116461.15452701661
702,124893.98439254357
750,131440.5044745678
261,145635.9962082675
1559,77483.35313231053
577,199567.14742380343
2812,199213.9661568061
2080,141085.52088928493
1368,127426.76884173638
2376,130267.4219489227
659,116950.17696342083
1235,125614.40625134925
332,95936.32420557115
1917,142853.20275569454
2094,227953.2273208125
1460,257625.71673566004
1471,192218.58449931996
1509,123296.33553377404
1922,139537.07565992555
433,496828.79617357865
460,296920.02545004047
1116,245292.3797967607
1137,165722.9582935943
53,182284.88088993236
2354,251199.29960913293
1475,197719.24853556656
1761,681970.7272436549
842,137150.95733952575
2739,147066.75164932123
2509,163290.087619451
1007,216383.02478866334
2610,177932.58936151653
1952,93982.30449751763
2719,165250.69560126893
2921,96402.97757440529
1966,131506.6259761668
292,147028.46915848623
1204,190891.1211785795
1829,243857.76511232587
2419,195290.4728004726
391,166768.53826148994
798,119581.57867864436
481,196251.74601335902
193,179901.08604990467
555,125417.09298518645
899,68643.93721838362
2357,185402.69378543642
328,120792.28265668218
1356,130566.00913195762
1154,114223.85700770057
1730,182315.31310757867
2249,145325.67482681957
1119,259574.6464857674
2856,144300.74036382005
1394,154420.2863853197
2587,123693.96231101088
61,320516.0216815382
2661,181668.5686315516
2711,134842.8513240471
1147,174296.94450159534
757,126551.46283608682
2623,103252.47994919812
2378,149025.42868408514
1413,133505.1098268118
1722,254783.05573621424
1112,206435.24197724185
1623,189405.11116316132
1201,175115.44475323948
1513,113301.41978471728
957,489500.1614037743
1171,259426.34096696568
1145,191333.46949169697
2726,217947.95961605335
703,164940.53062847245
760,84649.58928480736
1964,138467.35565068974
2512,177989.05387956812
159,139672.24548695027
1281,166206.9989427825
468,183096.46313620568
290,125701.0961620224
665,86056.88702592587
1463,263353.44395971793
1792,214195.81035121964
923,148397.5997638854
500,264184.69764924905
1408,155592.29211294148
331,93423.46863212835
170,127369.53078671274
2192,95211.17563114951
2571,290817.9183942962
2314,179997.52141222788
2647,95073.43967837274
422,439827.04923103616
2457,309275.8137874652
1838,207087.94996671478
2805,254561.39083760866
1645,158842.0579823295
1711,313944.3007681965
2825,221757.50652420492
322,350705.1267133558
2103,264181.64882360236
342,132059.14268373017
600,110981.04834587379
488,190584.37685459756
1725,348350.40671421797
2246,261125.83651998892
2847,180567.61346892873
806,244780.87468450845
530,228953.44228011166
963,175131.91197322862
2678,87285.14447343544
171,103253.93752909318
2401,432257.57662456116
805,217745.0402492057
2259,232848.8338704187
1748,206762.08426819526
1361,113858.94903924427
1677,125808.92817606422
1406,139042.62366891187
2322,261903.06835086076
688,154527.7286006476
143,133219.5152402304
804,206209.83319843403
1214,150781.42687170918
2828,140071.23452384272
1999,165454.99990900594
2467,190995.74835977782
2665,138609.83781011082
1538,384216.56075116294
398,110198.883188021
2822,128955.31572633212
2157,140152.20042870956
1856,163589.81567993236
1269,122323.26259971241
2570,121051.97951248373
2320,253417.94947979003
1517,111657.50981123996
2304,133281.24395663518
1312,111978.69584895603
2012,126133.12934916778
506,248761.5110095923
2865,174455.20012823681
2367,116633.48628189357
554,97266.42167491869
238,111309.68745886059
1954,116677.75450459422
2488,157809.5206567211
2291,95872.583301645
1969,115836.82915475627
2725,156252.83000272312
1482,148190.15569525678
2763,193868.9982211802
503,243756.65127375722
1584,247685.88724532112
1531,155058.52904188065
2210,139696.39644220026
459,352705.4140584564
556,127396.93280268596
1347,110513.33285346863
1290,92988.2415770538
1388,117688.0669067969
1571,340408.0435091443
2754,209044.65501384283
765,127282.92841354264
2494,124605.57018929973
2870,185050.0218086924
7,221155.2484982761
1114,223776.417138959
2418,287282.47744938766
291,144095.2371867348
18,332644.55215353536
39,359286.0919994478
1001,253811.83403379103
2442,239645.99892926973
616,128668.04454914515
2680,78639.92902476231
1414,108430.0837784771
289,135633.7807923644
40,267846.06003006257
860,126538.67236343573
409,138611.3149861186
673,149643.66626044852
2427,185757.3819885904
2036,182059.1146416564
2564,147430.01903133362
642,160520.37553542943
1008,170764.34342006216
1908,140538.60172394285
2519,214532.28097369627
1369,91245.705271268
2855,160429.86571395237
712,99011.99782339027
1943,128959.11816130337
1958,141881.00388836043
107,171368.1610505585
2295,213911.46440746172
704,95172.55287449202
676,128350.0251725075
259,170192.427697386
93,278532.0940379349
106,239893.36428280658
2315,191952.44621220775
1050,120056.11025873559
1095,204093.79714602514
2709,143206.15906675108
758,145465.86008775543
1496,147789.54886376634
2370,123468.55284925496
2458,276061.9152367288
2733,113658.0824286589
161,285681.07447259687
726,138422.76165371938
845,196214.8521175317
947,251126.26536390523
2232,105123.3048154878
2563,161998.66904035522
2299,111958.1956271669
211,96674.10052450799
605,147822.73170812824
1478,210817.97481869333
2247,252320.308340294
2274,177556.37148471418
2869,161337.20860580422
967,217048.85296996607
2656,102270.18395850518
667,191051.2583054127
1042,120340.42048299302
2023,149779.0165263803
2447,376617.4173982503
2055,131657.89509990034
2275,288384.66190447455
2204,173453.7135064634
1563,252596.49708753024
483,219528.41715150367
796,118372.58604849377
1526,144316.68343667034
2042,144376.36773531066
442,340483.54462033405
1693,342370.9820518294
1468,212654.251973238
1430,171783.58817554274
2605,144535.62806440884
1529,198594.60632473073
335,140922.43301207683
1287,124821.85462464653
31,106848.16447565857
1785,247830.76597387696
82,159786.9957892502
2620,122880.31529783687
252,192981.45060297748
721,91507.26478014833
2165,188361.96650857298
2316,188963.30776946145
775,128007.94123263439
1558,80735.52136993816
17,229716.60114479598
1022,223590.58435637504
925,126573.97937779395
438,286304.28941299964
1270,143190.206176449
1272,122555.24284369082
215,130078.31989582512
266,217226.6994292554
2402,270651.34746126016
1250,112245.97518032815
1984,108351.01097161756
1279,139430.70068210602
377,254414.1163598573
1252,160048.14737894785
2156,244968.33964063515
499,328173.15039207804
1374,134240.641634368
2898,220450.67171009825
401,111823.35462229722
2721,172231.10524874626
2078,246266.45746238861
2589,122151.86316918026
1946,211949.8793467668
1334,124749.83089621202
2781,229723.4666061056
431,390942.95734271634
576,203928.30061126212
1474,193382.08818486068
2254,155917.7089710438
2155,291752.7983015202
885,111806.63198031802
643,139640.1111580231
1944,128259.69320374461
480,208286.67093227652
2845,98062.1004180035
2387,328751.7357583487
2407,236988.36834794225
2527,150310.37996640324
2514,161063.53638990584
629,174711.61366404325
80,204817.32206385964
1876,142067.0784868843
1546,121335.45775466031
2518,161822.98805438163
2347,158155.52743896327
783,169993.081896296
1322,58833.056434536855
194,75414.46628606986
1770,272331.8292999861
2143,128591.9724381727
1229,208253.13995989665
511,251010.09483308386
46,240553.7623980427
1348,165886.10093076565
2465,189600.43005031496
387,233263.75724660265
873,203200.2746332184
1918,119272.10453976541
2764,238561.60291829339
2184,118258.95441210592
934,138407.99537267868
1920,130111.68262077152
2631,147671.2775734646
1768,670727.8811823833
2040,96200.43194637145
1749,225572.42955176646
834,226665.43195699132
1457,229820.0666102018
79,137343.10553659612
2302,123839.80093051656
1817,129764.53512146657
2755,222943.65744006535
359,172439.32682587
2059,120787.35186235931
2092,224296.75032508982
2516,239523.58273804575
150,120316.59022933723
1656,131093.9906377555
83,93974.15523822197
2411,190025.18590481865
795,80963.4513905889
2312,234261.32043337557
2917,101681.29503754512
1624,179802.37072345876
2215,349105.75556108105
1211,155391.29653216506
1485,145116.7534734798
1024,168009.76957587223
570,177340.87502385915
2874,119597.08029529567
700,115399.78648943552
2756,217452.50209184524
2022,157924.35592131107
583,219556.7488865927
2392,386376.4085714504
2424,198052.85145822418
212,100684.29686192304
736,128508.82625285201
1610,164453.3863259054
890,107918.65516295444
467,180275.2967554504
578,261636.1482671005
1747,190166.01369952218
1149,160264.05724424415
2758,226820.91695909208
857,131032.24143898964
2219,287080.2020610216
733,107124.74411664202
2909,126580.40136144022
1798,246393.68560582265
235,117806.97623222225
2366,122532.4333485537
1027,123151.97223677537
1195,138850.47538206703
1303,54583.6129199889
148,170325.63685268196
608,145820.43418198157
2515,206834.95046873248
821,255750.1592530555
2500,296043.0235055283
745,114512.21534479712
741,116800.84637472848
1611,144272.3312947564
2532,128705.62207304627
1081,206766.80171426875
1692,399808.4211112755
2520,183848.6234912337
276,119117.92035859791
1992,124696.2563256148
663,63840.505935849455
418,146406.40775715714
1733,194871.65935187927
2359,148751.885857762
253,188639.1174126516
1518,174274.44495601306
2035,124303.31199625038
2919,96017.62149802619
1540,239736.39110282043
2120,143147.78684745374
1674,183205.36299647935
256,139221.28875169897
2361,106404.09699513306
978,91761.93220331064
2280,140527.0449657324
2095,205117.28956234443
1709,320070.448420661
2801,229808.50244679532
1246,114921.3924839402
2373,121394.55695783894
1055,278865.7197685256
2017,108640.42375422579
1099,303137.06477458763
1344,97982.59659164002
835,170678.63385647436
1117,210837.52542472843
2043,100479.5617219382
2085,116294.64816939
410,154212.58968980503
2650,110468.76248658133
2867,163065.21216770774
1668,125899.96932965165
1161,170798.47790824788
2122,165728.48611979486
2539,133766.48861293338
1047,136869.01579340603
1445,132130.29693922726
541,147700.5768303249
569,209051.21874979304
1276,132279.217299159
918,143998.14095801566
326,169550.68400271714
1936,131996.90748173566
895,99848.4096147266
257,138322.26492314934
1241,174284.5903556731
1545,110697.56536738697
1189,156775.88368009214
270,140891.28685864815
2066,203820.03623039936
693,108318.40764520052
1259,123731.53874391655
2916,156509.75546952678
2321,274925.1843018031
1977,94536.40991846634
1895,160753.19275644346
1240,155235.5965252006
85,141443.96588169987
1823,111462.66259962009
825,295941.2221716878
110,213517.9410793494
697,123775.74226278237
2297,116134.36995844766
1231,125762.74119451847
1355,140562.52217370516
968,310220.81621446786
584,220535.4375156573
1315,119665.57416603404
1606,130392.44506688972
206,83883.41227509665
1685,343308.88094900985
2016,133361.43554844082
869,205948.32636382556
2135,124485.40468923496
2346,176664.94463105337
2430,224380.95809073476
2198,89088.0570301977
2652,105410.27540764936
27,111407.45031126466
241,157603.75439133117
906,135794.4322206537
1506,122162.35763096454
2098,336913.37695373583
1435,209548.7388759619
2213,142365.15513196995
1274,138956.07297552415
743,63836.38936814534
1737,204487.20414972116
2797,264339.66538282123
2185,89428.81753523306
58,205510.94823358982
830,189160.47341369567
808,143215.3363953261
680,163065.18313779373
1153,102398.13844989725
1291,133592.4821190265
1818,179766.94455859836
2161,191920.45614765296
1883,122210.50857904613
350,339716.75156494667
2473,170301.62710913835
295,164430.93758097573
293,220981.17400668765
859,130982.98163828866
288,67160.36903628233
1578,158488.10581310702
102,157981.81724260168
2831,148934.426589023
1030,166420.25671642623
2551,132504.5962133282
1286,134278.42132377854
958,310875.2125101758
776,128499.65759373875
72,189222.7560614562
2263,272555.1921181005
1866,148230.94689911924
2876,76287.49096389237
2146,259200.70610882854
103,175740.76988628838
1500,135490.033854113
492,193858.5820964603
167,127231.14885075108
2597,117391.52373153149
2685,108974.44860560323
1035,142152.1564605979
1220,77684.53105825839
2602,135751.96498407066
2159,216964.74891513266
695,115206.5675520683
1109,261228.459132221
640,161488.4207534134
1652,152748.92003905404
2090,196090.18107728695
1188,175628.6824699677
2345,232827.14966959806
1059,396053.4986259465
2751,215537.31280557165
128,215717.6905402717
1523,173318.19030629421
2925,159037.45312667455
2145,260744.43039130894
1121,226624.39493825324
566,278560.37078473676
565,237933.12539658387
1331,138413.30239515327
2928,137898.64197016583
156,134985.55520804957
797,150703.00454709586
327,99043.53365776506
2859,148891.12632526612
1453,118218.3225126173
1762,338405.61189175653
1868,209695.5432071372
1760,190845.4082387643
1113,251422.07970245148
1812,182478.2453523069
117,149272.66623029922
1142,199696.70853113342
2342,397670.3909246459
927,124117.42424440105
2478,183277.1965576058
655,86785.09684342211
2064,121384.04865877685
369,249328.16282528808
2239,107558.9044877561
2732,192461.04030762002
1653,156483.38085221616
959,226035.29000038118
2395,330594.22070280765
1412,97915.33090580386
271,261275.83758494293
1484,148196.67841648194
1497,122966.19906315769
552,176655.36824485337
2,119617.83057081941
1855,262791.4088744338
4,236050.99292084476
2292,167605.52514837604
134,139374.39556220383
646,113848.60559739503
42,321053.5288984262
532,218208.46884277754
713,108687.6910587049
2561,125465.36378882862
2360,143250.10381473767
1333,125342.75392669132
1407,242702.00373277487
2892,291171.341606044
574,208825.08147920147
1227,189641.67737095073
2591,236839.91523981382
1476,201276.9799552369
1125,253078.25322100168
1446,128799.50734273512
408,115556.73879740284
1101,291655.3401525979
2251,169384.1417329381
373,193975.03714068065
2554,130446.5110221751
2382,271691.2342952494
1985,75314.76897981286
519,223102.7863053035
1093,189417.9850939437
864,268221.76043873373
2889,140120.11946733468
2308,157165.71388635677
986,145505.04915290515
1302,123393.2012310741
585,157764.87351182863
2708,156584.81895741055
147,134530.5096698455
1441,219392.26199234955
383,165953.99883657033
285,152350.32771068782
181,107964.52516043623
358,173556.25837524232
780,174688.73328387013
258,202825.6782472547
1865,193532.32810489816
692,131976.55965663661
2902,316202.28594799835
508,246123.2702654474
2638,123699.38456945494
36,150673.90881639376
611,167759.52803368174
2281,127772.61188018289
1678,124041.32464819228
1696,440536.38764667435
1557,87490.47486468079
2180,133164.4114821927
1726,259863.23042316877
951,149407.64593515868
267,229101.12675776205
2706,132449.0365472618
2221,221808.97151331525
1357,158254.33972361116
2901,299692.42476356315
347,209940.09883088488
2164,186128.05699476623
1586,293238.47985239344
360,168055.1638667492
1769,244972.9786766634
2617,180173.01769588207
1879,157112.32895351973
991,213041.38712774642
1535,130881.86519962679
1191,141911.55298035452
1579,214473.4331609689
1882,153220.52260495338
1510,116835.94295850226
2196,153069.96631510142
1845,165280.167205389
2336,434161.8467842109
942,79856.96173006069
861,126891.29673439864
2555,108623.50470982175
1392,150018.97238502852
2099,259571.07605680585
1543,130059.35704803758
948,254609.5025991728
1239,152288.3261197397
22,181432.61842340106
2796,207728.54764322628
2747,165940.54898798343
92,291689.1486962948
210,167238.5697574788
1858,215521.79815190504
2228,169255.4700840962
447,236861.73052471096
827,221156.54877194596
1649,209889.68979825414
682,134078.02929778595
2698,99323.93793973586
494,201171.89983819964
214,93972.30445556485
2441,251862.51499927242
2679,88978.4095648625
1336,125755.18219415174
465,195151.40131303927
1524,122097.89109926368
2543,115798.92580442871
631,125928.33097929893
2452,305041.6276371375
228,164193.74825013257
126,170647.24890783266
1092,239674.99010214332
1122,200924.24183666898
932,195649.86150238998
1980,93463.12156507511
2171,110695.64019133539
551,150273.98744919847
2768,157872.87961889934
2056,119057.4687787515
1159,396235.2224480536
2645,101948.87415948327
1174,180695.73621946928
2266,214495.10894571478
2462,345917.5630536631
1219,142777.9904168159
2922,176544.86470431872
118,136363.1378091656
474,189871.20530812175
2576,152186.59209635048
872,273171.4219173771
1077,253938.79792882735
1536,129893.29667707013
1150,134788.54950288226
2341,309282.8248100502
1931,146896.85942360092
2785,129575.13435629045
2538,130802.55954852467
597,193865.29486021682
464,213711.9589233973
233,197597.07165438336
2169,120233.06675802179
2123,162320.82241517684
1867,153734.69476525026
137,251437.2417524967
515,223653.24642064155
933,130872.43351215424
2784,161221.03442234776
972,157824.52876099278
599,157778.941477291
2614,129847.11118991772
2582,141718.57722989423
1409,145357.89205300322
175,73374.52221795266
352,236712.86418910132
976,98764.7775852921
2134,196345.31838516062
984,125543.15829638373
2396,378429.422640628
1673,160158.95461621173
404,115327.69504548838
607,150300.76613261938
814,147650.12981847645
868,192163.08429664528
2271,187409.75603953417
1633,224680.37927106564
337,182266.6121033629
2765,162461.44864563097
1746,230685.49231281885
368,327466.9007948313
2806,194626.86318367612
1662,170222.2460623565
1234,193063.34206885766
1373,140555.86090292956
1672,112484.41920933491
1939,130144.78523252787
