Id,SalePrice
2658,151090.7542210513
2718,276106.54580383655
2414,122286.36031529152
1989,158173.8019027955
625,208463.44044317937
333,108356.36654119458
1327,172930.1512397626
858,193589.04031151655
95,143063.3001817412
1568,194887.59905316966
2482,187568.44978203397
1364,166673.45912088855
2584,206220.47534396037
818,181783.96084194287
2673,163958.2908428866
2089,202088.69752960958
1297,148257.5351483536
790,170569.13534584787
2616,253204.69163286363
720,152035.1605786172
222,169034.4750148033
557,145896.51925443887
1148,234788.76766032868
2766,160534.81779671024
534,187686.5005767297
1452,145896.51925443887
630,195123.7006425611
2648,172457.94806097966
125,168326.17024662887
1904,96079.08389283795
1670,145188.21448626445
756,144007.70653930708
717,199727.68163569484
1032,182964.46878890024
852,220032.41832336158
1731,115675.51581233027
2639,179304.8941533324
2071,161715.3257436676
1267,151326.85581044276
1851,204213.61183413284
567,116147.71899111322
2439,156757.19236644666
1898,200554.037198565
647,204803.86580761152
2256,221094.8754756232
979,138105.16680452024
1444,152507.36375740013
2485,157819.6495187083
157,154396.17647253192
88,166673.45912088855
2003,151562.95739983424
186,180485.40210028976
1425,234552.6660709372
2695,138695.42077799892
738,140938.38587721792
395,165020.74799514824
1353,177652.18302759208
1878,202560.90070839252
390,184735.2307093363
1456,161007.0209754932
1103,280710.5267969703
1387,178478.53859046224
2070,182728.36719950876
1199,143653.55415521987
2479,139521.77634086908
501,287439.4220946273
2362,145188.21448626445
1718,197602.76733117158
2188,135271.94773182255
1483,144007.70653930708
2557,132084.57627503766
437,221921.23103849337
2224,228059.87236267168
1628,138577.3699833032
397,167853.96706784592
587,247420.20269277252
971,252968.59004347216
2611,186387.9418350766
1887,148021.43355896213
2399,254031.0471957338
2148,216136.74209840226
304,129723.56038112294
1997,125001.52859329346
2817,133619.23660608224
1431,116619.92216989616
427,284960.3554060168
263,147313.1287907877
598,199727.68163569484
2895,245413.339182945
687,169506.67819358624
1822,161833.37653836334
2191,137869.06521512876
179,141528.6398506966
1009,188867.00852368708
2010,129841.61117581867
1991,151799.0589892257
1411,222039.2818331891
1721,227351.56759449726
1144,141528.6398506966
593,139521.77634086908
575,243878.67885190042
1249,255211.55514269116
1604,152861.51614148734
1064,335486.0955357922
1923,190755.82123881887
1988,146132.62084383034
2325,126182.03654025083
114,195832.00541073552
2700,270676.20924783265
217,260169.68851991207
343,213185.47223100884
386,168798.37342541182
2005,207046.83090683052
2908,178478.53859046224
1814,220268.51991275305
2446,260051.63772521634
208,165729.05276332266
1679,118272.63329563648
822,246947.99951398958
6,153215.66852557455
1781,275988.4950091408
2397,176117.5226965475
2340,246239.69474581516
1618,137632.9636257373
2843,156521.0907770552
1061,210824.4563370941
2786,145896.51925443887
1935,162895.83369062498
1341,110599.33164041358
521,224518.34852179958
2136,164902.6972004525
996,155222.53203540208
227,128897.20481825278
135,177061.9290541134
1167,133265.08422199503
294,188512.85613959987
1776,205512.17057578595
540,175409.21792837308
1717,197602.76733117158
2303,140230.0811090435
116,206928.7801121348
127,171159.38931932655
1371,133147.0334272993
1014,217907.5040188383
1507,153569.82090966176
702,157229.3955452296
750,167617.86547845445
261,125237.63018268494
1559,94898.57594588058
577,249309.0154079043
2812,145424.31607565592
2080,160534.81779671024
1368,172339.89726628392
2376,150146.3478634854
659,137396.86203634582
1235,173520.4052132413
332,108356.36654119458
1917,154396.17647253192
2094,151562.95739983424
1460,168444.2210413246
1471,220150.4691180573
1509,134563.64296364813
1922,168562.27183602034
433,359568.45765372243
460,215782.58971431505
1116,228414.0247467589
1137,175409.21792837308
53,179068.79256394092
2354,157229.3955452296
1475,214484.03097266195
1761,328521.0986487437
842,160770.9193861017
2739,228059.87236267168
2509,105287.04587910543
1007,172103.79567689245
2610,171985.7448821967
1952,125473.73177207641
2719,273981.6314993133
2921,108356.36654119458
1966,190519.7196494274
292,149438.04309531098
1204,173520.4052132413
1829,222865.63739605926
2419,131022.11912277604
391,203269.20547656695
798,126300.08733494657
481,139049.57316208613
193,180839.55448437697
555,159590.41143914434
899,155340.58283009782
2357,142118.8938241753
328,155458.63362479355
1356,142827.1985923497
1154,145896.51925443887
1730,136334.4048840842
2249,151562.95739983424
1119,156639.14157175092
2856,161007.0209754932
1394,164430.49402166955
2587,179068.79256394092
61,238094.1899118093
2661,188630.9069342956
2711,154160.07488314045
1147,142118.8938241753
757,131376.27150686324
2623,166673.45912088855
2378,144834.06210217724
1413,117210.17614337485
1722,205630.22137048168
1112,149438.04309531098
1623,155694.73521418503
1201,155222.53203540208
1513,155930.8368035765
957,284252.0506378424
1171,227705.71997858447
1145,143535.50336052413
2726,259933.5869305206
703,127362.5444872082
760,149201.9415059195
1964,166673.45912088855
2512,128070.84925538262
159,168562.27183602034
1281,159944.56382323155
468,124647.37620920625
290,144952.11289687298
665,143771.6049499156
1463,179540.99574272387
1792,159826.51302853582
923,194179.29428499524
500,194651.49746377819
1408,223101.73898545073
331,118272.63329563648
170,180485.40210028976
2192,134563.64296364813
2571,204449.7134235243
2314,125473.73177207641
2647,143535.50336052413
422,255683.75832147407
2457,291453.14911428234
1838,203505.30706595842
2805,171277.4401140223
1645,195477.8530266483
1711,189575.3132918615
2825,181311.75766315992
322,282127.1363333191
2103,238802.49467998373
342,148021.43355896213
600,149438.04309531098
488,162777.78289592924
1725,264537.56792365434
2246,235733.17401789458
2847,184617.17991464055
806,178714.6401798537
530,151562.95739983424
963,210588.35474770263
2678,129841.61117581867
171,137396.86203634582
2401,262058.50123504386
805,171277.4401140223
2259,312938.39374890644
1748,131730.42389095045
1361,134563.64296364813
1677,123230.76667285741
1406,173048.20203445834
2322,148611.68753244082
688,161125.07177018892
143,199019.37686752042
804,162659.7321012335
1214,203269.20547656695
2828,170451.08455115213
1999,192644.63395395066
2467,135744.1509106055
2665,161715.3257436676
1538,276224.5965985323
398,145896.51925443887
2822,182728.36719950876
2157,144007.70653930708
1856,212949.37064161737
1269,167617.86547845445
2570,177061.9290541134
2320,150264.39865818113
1517,139521.77634086908
2304,158882.10667096992
1312,127598.64607659967
2012,146486.77322791755
506,159472.3606444486
2865,182020.06243133434
2367,100919.16647536316
554,136452.45567877992
238,178950.74176924519
1954,148729.73832713655
2488,195713.9546160398
2291,108356.36654119458
1969,153097.61773087882
2725,213539.62461509605
1482,144007.70653930708
2763,136452.45567877992
503,173048.20203445834
1584,213893.77699918326
1531,140584.2334931307
2210,159472.3606444486
459,266308.3298440904
556,159590.41143914434
1347,188630.9069342956
1290,123230.76667285741
1388,162659.7321012335
1571,235024.86924972016
2754,196658.36097360568
765,179895.14812681108
2494,164784.64640575676
2870,194769.54825847392
7,201852.5959402181
1114,230184.78666719495
2418,168090.0686572374
291,145660.4176650474
18,263002.90759260976
39,272919.17434705165
1001,242462.06931555158
2442,162541.68130653776
616,159472.3606444486
2680,123230.76667285741
1414,157347.44633992534
289,165020.74799514824
40,226171.0596475399
860,149438.04309531098
409,156993.29395583813
673,198074.97050995452
2427,178714.6401798537
2036,159118.2082603614
2564,164784.64640575676
642,264183.4155395671
1008,144361.8589233943
1908,153451.77011496603
2519,189693.36408655724
1369,133501.1858113865
2855,150264.39865818113
712,137396.86203634582
1943,161951.42733305908
1958,171631.5924981095
107,136924.65885756287
2295,241753.76454737716
704,138459.31918860745
676,166201.2559421056
259,138813.47157269466
93,209407.84680074526
106,159000.15746566566
2315,140820.3350825222
1050,149201.9415059195
1095,136924.65885756287
2709,169506.67819358624
758,159354.30984975287
1496,124647.37620920625
2370,123230.76667285741
2458,239864.95183224537
2733,203269.20547656695
161,267961.0409698307
726,135980.25249999698
845,212831.31984692163
947,166673.45912088855
2232,161597.27494897187
2563,156993.29395583813
2299,233726.31050806705
211,129487.45879173146
605,253558.84401695084
1478,189575.3132918615
2247,235733.17401789458
2274,229476.48189902052
2869,238330.2915012008
967,170451.08455115213
2656,181193.70686846419
667,191228.02441760182
1042,100919.16647536316
2023,169034.4750148033
2447,225698.85646875695
2055,151681.00819452998
2275,253558.84401695084
2204,151562.95739983424
1563,238212.24070650505
483,199019.37686752042
796,167735.9162731502
1526,143063.3001817412
2042,157701.59872401255
442,257336.4694472144
1693,179422.94494802813
1468,154042.0240884447
1430,237858.08832241784
2605,252378.33606999347
1529,138105.16680452024
335,184144.9767358576
1287,155812.78600888076
31,105877.29985258411
1785,247656.304282164
82,148729.73832713655
2620,151326.85581044276
252,188630.9069342956
721,140230.0811090435
2165,200908.1895826522
2316,138577.3699833032
775,145188.21448626445
1558,149438.04309531098
17,171395.49090871803
1022,254267.14878512526
925,140702.28428782645
438,246593.84712990237
1270,221803.18024379763
1272,165138.79878984398
215,154396.17647253192
266,154986.4304460106
2402,168798.37342541182
1250,156284.9891876637
1984,177416.0814382006
1279,164784.64640575676
377,225580.8056740612
1252,252142.234480602
2156,187922.60216612119
499,194533.44666908245
1374,128897.20481825278
2898,197130.56415238863
401,145896.51925443887
2721,256746.2154737357
2078,329819.6573903968
2589,168562.27183602034
1946,198311.072099346
1334,130786.01753338457
2781,225816.90726345268
431,282363.2379227106
576,188630.9069342956
1474,144952.11289687298
2254,152271.26216800866
2155,240809.35818981126
885,176825.82746472192
643,169270.57660419476
1944,149319.99230061524
480,143771.6049499156
2845,168444.2210413246
2387,180603.4528949855
2407,205394.1197810902
2527,127480.59528190394
2514,106467.5538260628
629,208227.3388537879
80,163604.1384587994
1876,187214.29739794676
1546,133619.23660608224
2518,186505.99262977234
2347,173992.60839202424
783,217789.45322414258
1322,129251.35720233999
194,134209.49057956092
1770,207164.88170152626
2143,145896.51925443887
1229,150382.44945287687
511,244823.0852094663
46,204213.61183413284
1348,164548.5448163653
2465,133147.0334272993
387,158646.00508157845
873,211178.6087211813
1918,162895.83369062498
2764,153333.7193202703
2184,157229.3955452296
934,110127.12846163064
1920,168562.27183602034
2631,121814.15713650857
1768,332416.774873703
2040,185089.3830934235
1749,143889.65574461134
834,155340.58283009782
1457,196186.15779482274
79,132674.83024851634
2302,140230.0811090435
1817,148257.5351483536
2755,234434.61527624147
359,127362.5444872082
2059,149792.1954793982
2092,176353.62428593897
2516,229004.27872023758
150,169506.67819358624
1656,135980.25249999698
83,163368.03686940792
2411,199255.4784569119
795,143653.55415521987
2312,161125.07177018892
2917,118272.63329563648
1624,125473.73177207641
2215,272919.17434705165
1211,178006.3354116793
1485,144007.70653930708
1024,186860.14501385955
570,192172.4307751677
2874,145542.36687035166
700,206574.62772804758
2756,220740.723091536
2022,173756.50680263276
583,174582.86236550292
2392,183436.67196768319
2424,210824.4563370941
212,186978.1958085553
736,148257.5351483536
1610,181783.96084194287
890,179540.99574272387
467,131494.32230155898
578,219442.1643498829
1747,175999.47190185176
1149,185443.5354775107
2758,261822.3996456524
857,145896.51925443887
2219,226761.31362101858
733,156284.9891876637
2909,116619.92216989616
1798,172339.89726628392
235,168090.0686572374
2366,134209.49057956092
1027,128897.20481825278
1195,153097.61773087882
1303,91947.30607848716
148,230420.88825658642
608,196422.2593842142
2515,144716.0113074815
821,236323.42799137326
2500,197484.71653647584
745,161361.1733595804
741,169860.83057767345
1611,179659.0465374196
2532,159590.41143914434
1081,215664.5389196193
1692,273273.32673113886
2520,166201.2559421056
276,240337.1550110283
1992,143299.40177113266
663,114613.05866006864
418,142591.09700295824
1733,126300.08733494657
2359,174110.65918671997
253,188158.70375551266
1518,168090.0686572374
2035,135980.25249999698
2919,108356.36654119458
1540,187686.5005767297
2120,164548.5448163653
1674,201734.54514552237
256,168090.0686572374
2361,145896.51925443887
978,118272.63329563648
2280,154396.17647253192
2095,182610.31640481303
1709,178006.3354116793
2801,174700.91316019866
1246,148021.43355896213
2373,100919.16647536316
1055,230656.9898459779
2017,150500.5002475726
1099,183436.67196768319
1344,139285.6747514776
835,180839.55448437697
1117,212477.16746283442
2043,143063.3001817412
2085,166437.35753149708
410,138813.47157269466
2650,130549.9159439931
2867,174228.7099814157
1668,156048.88759827224
1161,117682.3793221578
2122,185561.58627220645
2539,178596.58938515797
1047,170096.93216706492
1445,154632.2780619234
541,175409.21792837308
569,247656.304282164
1276,142118.8938241753
918,118036.531706245
326,202560.90070839252
1936,153097.61773087882
895,147313.1287907877
257,157819.6495187083
1241,229240.38030962905
1545,152389.3129627044
1189,192408.53236455919
270,144007.70653930708
2066,228886.22792554184
693,124411.27461981478
1259,191936.32918577624
2916,204449.7134235243
2321,244586.98362007484
1977,164548.5448163653
1895,206102.42454926463
1240,192762.6847486464
85,180249.3005108983
1823,176117.5226965475
825,260877.9932880865
110,220032.41832336158
697,139521.77634086908
2297,137869.06521512876
1231,178950.74176924519
1355,160534.81779671024
968,260877.9932880865
584,195595.90382134405
1315,148257.5351483536
1606,140230.0811090435
206,140230.0811090435
1685,258280.87580478028
2016,163604.1384587994
869,155340.58283009782
2135,149438.04309531098
2346,137160.76044695434
2430,220976.82468092747
2198,137042.7096522586
2652,157229.3955452296
27,148021.43355896213
241,186978.1958085553
906,142118.8938241753
1506,112960.34753432832
2098,216963.09766127242
1435,211296.65951587705
2213,188630.9069342956
1274,140584.2334931307
743,138341.2683939117
1737,202088.69752960958
2797,172575.9988556754
2185,179895.14812681108
58,135271.94773182255
830,189339.21170247003
808,225108.60249527826
680,178006.3354116793
1153,148965.83991652803
1291,129841.61117581867
1818,282363.2379227106
2161,131022.11912277604
1883,169624.72898828198
350,341624.7368599705
2473,177416.0814382006
295,173992.60839202424
293,244468.9328253791
859,145896.51925443887
288,145896.51925443887
1578,132910.93183790782
102,133147.0334272993
2831,158409.90349218698
1030,214365.9801779662
2551,191228.02441760182
1286,156993.29395583813
958,235142.9200444159
776,145424.31607565592
72,217199.1992506639
2263,229358.4311043248
1866,171631.5924981095
2876,119571.19203728957
2146,195477.8530266483
103,126063.9857455551
1500,170451.08455115213
492,149201.9415059195
167,182610.31640481303
2597,142236.94461887103
2685,167617.86547845445
1035,168326.17024662887
1220,128897.20481825278
2602,135271.94773182255
2159,143889.65574461134
695,158646.00508157845
1109,188276.7545502084
640,207046.83090683052
1652,165729.05276332266
2090,174346.76077611145
1188,249309.0154079043
2345,217199.1992506639
1059,262294.60282443534
2751,198311.072099346
128,271620.61560539855
1523,157229.3955452296
2925,188394.80534490413
2145,280002.22202879586
1121,205866.32295987316
566,206338.5261386561
565,159000.15746566566
1331,178950.74176924519
2928,158409.90349218698
156,172103.79567689245
797,179422.94494802813
327,108356.36654119458
2859,154868.37965131487
1453,135980.25249999698
1762,253912.99640103805
1868,233962.41209745852
1760,157347.44633992534
1113,229712.583488412
1812,152507.36375740013
117,153687.8717043575
1142,242107.91693146437
2342,280002.22202879586
927,175173.1163389816
2478,154986.4304460106
655,137396.86203634582
2064,151562.95739983424
369,224518.34852179958
2239,163368.03686940792
2732,215428.43733022784
1653,182846.4179942045
959,143771.6049499156
2395,226171.0596475399
1412,145896.51925443887
271,240809.35818981126
1484,144007.70653930708
1497,177534.13223289634
552,157701.59872401255
2,149674.14468470245
1855,322736.6097086526
4,292987.8094453269
2292,169270.57660419476
134,193589.04031151655
646,162541.68130653776
42,244350.88203068337
532,227233.51679980152
713,130786.01753338457
2561,187450.39898733824
2360,173284.30362384982
1333,142118.8938241753
1407,198193.02130465026
2892,190047.51647064445
574,159944.56382323155
1227,239983.0026269411
2591,284606.2030219296
1476,213421.5738204003
1125,168208.11945193313
1446,160180.66541262303
408,118272.63329563648
1101,179068.79256394092
2251,208227.3388537879
373,210470.3039530069
2554,167027.61150497576
2382,234906.81845502442
1985,133737.28740077798
519,199019.37686752042
1093,157465.49713462108
864,169978.8813723692
2889,162423.63051184203
2308,256037.91070556128
986,137869.06521512876
1302,150618.55104226834
585,130667.96673868883
2708,169978.8813723692
147,186269.89104038087
1441,220268.51991275305
383,172339.89726628392
285,224046.14534301663
181,169034.4750148033
358,124175.1730304233
780,288383.8284521932
258,149201.9415059195
1865,209525.897595441
692,140466.18269843498
2902,283307.6442802765
508,244114.7804412919
2638,188630.9069342956
36,144834.06210217724
611,214484.03097266195
2281,166673.45912088855
1678,123230.76667285741
1696,345166.2607008426
1557,123112.71587816167
2180,130549.9159439931
1726,200199.8848144778
951,153215.66852557455
267,167145.6622996715
2706,207046.83090683052
2221,260996.04408278223
1357,190519.7196494274
2901,275280.1902409664
347,156993.29395583813
2164,184381.07832524908
1586,218851.9103764042
360,184381.07832524908
1769,176943.87825941766
2617,217671.40242944684
1879,247892.40587155547
991,293814.1650081971
1535,153923.97329374898
1191,235733.17401789458
1579,137869.06521512876
1882,156993.29395583813
1510,161597.27494897187
2196,196894.46256299716
1845,133147.0334272993
2336,207991.23726439642
942,114258.90627598143
861,134563.64296364813
2555,135271.94773182255
1392,207164.88170152626
2099,238802.49467998373
1543,104814.84270032248
948,223101.73898545073
1239,213893.77699918326
22,182374.21481542155
2796,239156.64706407094
2747,197130.56415238863
92,191582.17680168903
210,241635.71375268142
1858,196776.41176830142
2228,164312.44322697382
447,221212.92627031895
827,233254.1073292841
1649,171985.7448821967
682,201970.64673491384
2698,160062.6146179273
494,135271.94773182255
214,155104.48124070634
2441,171631.5924981095
2679,163722.18925349513
1336,155930.8368035765
465,129841.61117581867
1524,123230.76667285741
2543,145896.51925443887
631,178950.74176924519
2452,197956.9197152588
228,123230.76667285741
126,247892.40587155547
1092,204213.61183413284
1122,205866.32295987316
932,268905.4473273966
1980,167499.8146837587
2171,157229.3955452296
551,126300.08733494657
2768,207755.13567500495
2056,149438.04309531098
1159,259579.4345464334
2645,171867.69408750098
1174,124647.37620920625
2266,184026.92594116187
2462,284252.0506378424
1219,175881.42110715603
2922,247892.40587155547
118,189339.21170247003
474,179068.79256394092
2576,207164.88170152626
872,259697.48534112913
1077,202324.79911900105
1536,172694.04965037113
1150,160062.6146179273
2341,259461.38375173765
1931,180131.24971620255
2785,158527.9542868827
2538,167972.01786254166
597,181429.80845785566
464,134091.4397848652
233,201144.29117204368
2169,154396.17647253192
2123,120161.44601076825
1867,196776.41176830142
137,304438.7365308134
515,153923.97329374898
933,104814.84270032248
2784,195241.75143725684
972,186033.7894509894
599,202324.79911900105
2614,145896.51925443887
2582,155222.53203540208
1409,181193.70686846419
175,143063.3001817412
352,218379.70719762126
976,118272.63329563648
2134,143063.3001817412
984,142236.94461887103
2396,273391.3775258346
1673,134445.5921689524
404,134209.49057956092
607,198901.32607282468
814,188985.05931838282
868,143063.3001817412
2271,219914.36752866584
1633,184381.07832524908
337,187450.39898733824
2765,230656.9898459779
1746,224518.34852179958
368,285432.55858479976
2806,207991.23726439642
1662,171867.69408750098
1234,174228.7099814157
1373,186860.14501385955
1672,145896.51925443887
1939,153097.61773087882
