Id,SalePrice
2658,142032.77658924158
2718,207097.58923911513
2414,201825.88201469695
1989,108420.65546200261
625,186296.31515314477
333,82684.7033705085
1327,111243.27287269174
858,155673.25825435692
95,201291.2988417414
1568,188113.56079284847
2482,166065.62661651103
1364,135397.41080446565
2584,167340.44393341965
818,274112.2568457441
2673,180766.29725895007
2089,168047.98677319265
1297,145648.6611959273
790,112796.97136196657
2616,233317.24115909473
720,197338.94072807464
222,159522.82838915847
557,107234.35880743735
1148,209943.0557848243
2766,156000.88566436805
534,212039.30513646943
1452,107235.53407532303
630,136423.39780458598
2648,128135.40192165342
125,143659.528919423
1904,19614.059716865188
1670,83337.38941840827
756,74157.20318434574
717,238712.67444129125
1032,160676.16171874036
852,228925.0605143744
1731,189083.6189361883
2639,126322.99157539266
2071,78455.67473814473
1267,119434.37322361278
1851,215411.94417811208
567,158753.7837377023
2439,227111.72405806393
1898,153589.0240696373
647,181786.29018718912
2256,232606.60730835632
979,125078.62052943488
1444,216979.24385129008
2485,127585.09921610425
157,115669.82973431307
88,115266.4946203155
2003,102511.38999084686
186,211172.9905152102
1425,270565.5177113323
2695,123644.89995126682
738,91882.01253743982
395,160568.69653606904
1353,173968.84922904638
1878,167994.36218842235
390,181827.38562722155
1456,227044.1194353092
1103,293650.7571075731
1387,103080.95491606952
2070,154725.22937244386
1199,185997.28821263136
2479,170821.20521876472
501,308332.83262386057
2362,84411.39801260014
1718,204448.72558637173
2188,53252.97802755842
1483,163279.84579779417
2557,50900.507060242584
437,316063.3981724533
2224,206291.4835215069
1628,197303.27271720697
397,123165.83654395537
587,210862.8490038393
971,203127.5335673527
2611,165577.29306160775
1887,99017.79344175872
2399,304174.77464478696
2148,232241.64791260776
304,116072.95019793068
1997,126660.94040648662
2817,89881.23175100493
1431,186562.20057627256
427,303744.06821457203
263,108242.28188032936
598,166920.0426354052
2895,274119.7262516592
687,171360.67887401022
1822,129320.40753540606
2191,97128.73436472821
179,141497.68145993096
1009,224457.22617137455
2010,108347.37686397717
1991,151637.01578578842
1411,164809.07211307576
1721,264302.6508038023
1144,179979.1319745991
593,220234.15897229454
575,278536.35300582997
1249,205816.17774838186
1604,135308.129742787
1064,399441.0520658947
1923,168272.55887158331
1988,107690.9501578752
2325,175813.39456779277
114,190784.80499785184
2700,211206.0748297891
217,159621.145799048
343,183951.44814494997
386,250711.47142494214
2005,132714.55492980778
2908,159755.64631028357
1814,238742.53733000788
2446,404688.3563293
208,151403.759527914
1679,108087.74608831736
822,306245.34814582556
6,199785.5466074755
1781,339158.9230732813
2397,267762.74477345566
2340,299149.3183686361
1618,165775.13698649895
2843,127367.95911840885
1061,317515.8788298194
2786,107235.53407532303
1935,125246.55412197858
1341,107932.28367974423
521,289830.3037460388
2136,129725.00755832205
996,200436.1693429167
227,150559.86940838932
135,178612.99809390935
1167,168068.57719921018
294,232225.63820646238
1776,216029.5960737404
540,208864.26656246162
1717,204448.72558637173
2303,122938.86163640092
116,192453.1609845697
127,138813.74791164906
1371,136860.94200048433
1014,183845.9414347976
1507,122374.50807797653
702,140837.63092474174
750,140086.0981274885
261,150406.79660545918
1559,40579.72118590982
577,241970.15605713124
2812,207051.87600798835
2080,168454.32002673787
1368,145569.02354382002
2376,126394.09659563121
659,106092.0527491828
1235,115220.07411342883
332,81188.10916418931
1917,137288.74775481923
2094,232471.3805705125
1460,265876.1033725876
1471,209223.87078310992
1509,116747.02230341523
1922,143704.25526698702
433,419812.5149456209
460,279703.8092027686
1116,266034.6476787545
1137,176461.57581539568
53,199077.7700812742
2354,252213.94055407564
1475,216803.19432338537
1761,466575.2876267603
842,136308.06854507653
2739,183227.4408127095
2509,171770.99755229475
1007,230172.3895185946
2610,185192.67898944858
1952,63791.360745929414
2719,200329.6427582882
2921,82895.20182506321
1966,131042.53328930424
292,133853.09356776066
1204,210724.05131332134
1829,267345.9704253415
2419,197593.65780992364
391,173302.25059021474
798,119429.82318293164
481,203635.7618055374
193,217900.9764823618
555,110223.05656991969
899,54762.305337196914
2357,190840.94284362835
328,129748.57030956051
1356,114994.27837917162
1154,100500.86014688713
1730,183034.33318212559
2249,145664.53318272927
1119,258568.2610693772
2856,130486.03935186588
1394,157922.9631823001
2587,119911.46678619692
61,300597.093054669
2661,210833.27799696173
2711,130554.02306491253
1147,181166.8240104562
757,138924.71053385385
2623,83657.13520856411
2378,159022.94659493095
1413,151125.69761759252
1722,246861.16059774975
1112,211272.79571725358
1623,202863.95816082903
1201,182549.96878548642
1513,101918.77075606096
957,255106.22671059705
1171,280001.57093226234
1145,205873.33722413494
2726,248469.23381310352
703,181252.92689339095
760,60820.48506125901
1964,128787.8858755643
2512,183701.79739658255
159,169627.3820425917
1281,180227.85099531454
468,182388.24977664207
290,114568.92391037638
665,76267.61650502752
1463,272212.3569850379
1792,233339.34976860345
923,150971.6765646555
500,260261.5478758982
1408,179377.84285855503
331,68174.17093254742
170,129313.76218421687
2192,72153.78744167066
2571,278193.7525064505
2314,181198.16801767494
2647,83202.3766657908
422,360885.46383582824
2457,326361.073388041
1838,223548.13830028824
2805,256538.51157044852
1645,164760.33129452798
1711,288073.5765655446
2825,260966.84446617123
322,330568.18166152225
2103,275397.03452922124
342,118345.36718934053
600,87540.13350422774
488,203875.71466978872
1725,314606.7609865586
2246,266353.21883220994
2847,188682.3085367384
806,257985.51565153268
530,244296.65774551057
963,187905.93176612305
2678,48816.67140239687
171,87689.19606569898
2401,353108.1273131876
805,240385.4278949264
2259,262692.1219495451
1748,198713.5655792395
1361,146970.74678765773
1677,145521.82365695317
1406,150565.87419103575
2322,233986.41827088245
688,173607.23690517503
143,143289.16509487014
804,224427.25686050835
1214,171374.5485990157
2828,172463.67501553358
1999,195642.83655115613
2467,197376.1882056757
2665,170995.59501291742
1538,341720.2345228982
398,92167.51251046988
2822,133592.90795162763
2157,153848.88686762028
1856,178866.76700155367
1269,109070.0342459802
2570,115914.63792859367
2320,245175.83655877993
1517,120935.1189189055
2304,131771.22072889912
1312,89868.77531221067
2012,133751.52411444485
506,225509.15744129918
2865,186240.88783752127
2367,122212.60590710421
554,96891.56009683502
238,121503.97903451859
1954,101017.76155058108
2488,181034.01631315914
2291,86751.90037733805
1969,106269.9178044009
2725,175209.79565804638
1482,163279.84579779417
2763,203093.50221808138
503,245405.82569780597
1584,255252.8962080665
1531,148084.36228362308
2210,157858.44599701068
459,318714.144785709
556,129098.15810093167
1347,137308.73593400908
1290,69617.27399848984
1388,110053.93816017453
1571,208678.96115324297
2754,220899.70574245858
765,128697.86635763105
2494,115420.75841995911
2870,196133.187029975
7,226230.6858790808
1114,238634.27231574175
2418,279520.7633960345
291,148209.48918823758
18,321052.27571682935
39,324040.1967049497
1001,268700.7676723208
2442,248849.3286955799
616,118484.0198397364
2680,60170.2063209808
1414,102242.75920027425
289,124048.638997562
40,251847.74495159485
860,119017.95077814069
409,133006.68259994825
673,148182.6040161734
2427,194987.79997925437
2036,235740.69365489925
2564,163833.98949986068
642,175781.43588070874
1008,174118.31783324154
1908,135514.36648044572
2519,240134.7115089111
1369,82775.51529129641
2855,176846.6957715042
712,74003.3850765985
1943,102718.86387047777
1958,141608.93015977764
107,183930.20065547875
2295,231482.68105101702
704,101755.78661312838
676,125028.56291022268
259,177257.45498360344
93,278689.52153682103
106,257858.4086999779
2315,200794.6313168502
1050,105094.8296680476
1095,207859.61819802225
2709,142916.57195015787
758,181404.8945107099
1496,165879.6887252496
2370,139287.1007033761
2458,281061.531172293
2733,131410.51861518738
161,309968.4259416547
726,143038.09834751277
845,211887.1697017469
947,264575.9660679947
2232,125369.67632977036
2563,160247.39937170106
2299,147717.78378023324
211,88732.43734956556
605,169964.29850681243
1478,223860.68453219323
2247,266353.21883220994
2274,183516.04729572148
2869,178891.68501654314
967,235681.9587837055
2656,103069.78353293263
667,214289.70749082067
1042,134380.26966013643
2023,161195.4389971795
2447,343505.88017931883
2055,129503.1119780608
2275,276483.1571530262
2204,181203.20924679446
1563,268206.9948294929
483,224013.88816133514
796,126242.13118115906
1526,136968.6670272958
2042,179200.14948882232
442,310191.8321354964
1693,294550.7087112998
1468,227598.10312926793
1430,203739.2515991798
2605,192581.1946365179
1529,193390.081655639
335,138981.6708353348
1287,133677.98721778695
31,103732.62707464374
1785,262342.65728339436
82,170045.505677955
2620,108237.61045481334
252,202197.9109005935
721,58488.79099966609
2165,195453.46392254415
2316,181986.04149551387
775,118787.1527464299
1558,45785.890354427276
17,244840.32455635746
1022,251577.8973834545
925,116062.80561925215
438,278650.0836552505
1270,146085.4829930591
1272,114501.56265592389
215,121370.08920145454
266,229151.79543415084
2402,261346.18898555473
1250,97830.10355149535
1984,108028.16885847622
1279,137704.64556129999
377,279450.5763387105
1252,184413.83799863025
2156,262158.9738458523
499,297140.3213820036
1374,104039.1335115605
2898,248353.48834797367
401,92070.4020965381
2721,193177.12201646692
2078,262973.5196097533
2589,111696.45679590618
1946,212498.94184614508
1334,128808.08970711753
2781,250347.2628768438
431,351508.6795516042
576,231788.18754695263
1474,206544.15385383042
2254,165612.74072787096
2155,296629.5602433777
885,103651.61784289684
643,133023.99865230988
1944,110333.45774282352
480,220205.19289513165
2845,101959.30521379085
2387,283848.52879998926
2407,224811.43232185603
2527,150141.88055780274
2514,161412.11830570293
629,186791.2345627558
80,223703.8605894253
1876,135861.8939743198
1546,133622.64931678842
2518,179475.0898582728
2347,169015.65316179348
783,185562.75776783866
1322,18695.042363596847
194,55030.00316545437
1770,270277.9231647032
2143,122966.87985641346
1229,220652.98933246383
511,272492.37074716715
46,229251.6750013295
1348,187332.85081786686
2465,194957.80892954953
387,251944.47743216762
873,220343.49043876096
1918,108417.76267903973
2764,246918.00470326305
2184,124361.87629465223
934,157626.60692057828
1920,125872.69848051295
2631,156493.28947288287
1768,467121.0797420617
2040,97580.0203492383
1749,229894.28409618395
834,220816.47656673752
1457,251142.66383963963
79,140766.60629880545
2302,117092.34404571285
1817,126288.75830245134
2755,239274.2969282011
359,171004.22521265573
2059,107010.90212645265
2092,243803.28613029514
2516,261234.0494953196
150,107974.71350138192
1656,136215.08899985882
83,95878.42479000706
2411,196733.94010131876
795,79931.22850306588
2312,237164.23316766927
2917,83959.34048299445
1624,185214.0994352789
2215,324467.4331586275
1211,170959.973009262
1485,164010.95277633448
1024,162063.34079435025
570,201431.5169905878
2874,125693.14691525837
700,165009.6920821867
2756,234992.6554124609
2022,184714.71698511695
583,239083.78607414337
2392,307571.64540101937
2424,227632.9376805562
212,114947.90213506133
736,127490.67524141981
1610,184051.31922124536
890,112932.76477288152
467,180777.909914403
578,272905.99479687377
1747,192249.9801841576
1149,166025.720612542
2758,239704.112587163
857,122274.2211746031
2219,288118.84080387396
733,116068.37385674939
2909,133747.08860066975
1798,266432.1472621339
235,100188.55232965271
2366,137160.01713850605
1027,120581.2491086761
1195,130029.31365033635
1303,-13126.613284348743
148,197641.5495847424
608,155754.13673443813
2515,216289.04054221394
821,274115.2009163499
2500,283000.72431620373
745,109419.81114255218
741,126996.08660337212
1611,118560.50304766116
2532,108627.35855825851
1081,230781.56439870386
1692,356227.87101250305
2520,207551.31173651363
276,164072.59421855002
1992,122854.17177608632
663,912.1550719060469
418,157267.17137348675
1733,188212.552290153
2359,156621.60332245077
253,203085.4384520955
1518,182065.7613621645
2035,139646.8538033457
2919,82084.97825865587
1540,236266.76470819162
2120,138027.59170494252
1674,197242.97433493123
256,144906.0929018499
2361,84166.47481194395
978,62386.875425934326
2280,160329.06768185715
2095,228663.0153453888
1709,293055.8559618376
2801,250658.7363417286
1246,92705.70512545039
2373,127060.85609009885
1055,262733.9110769876
2017,102942.44512140914
1099,269312.49174766033
1344,102219.63608704391
835,182660.0267465727
1117,219029.61924839183
2043,89151.7617411071
2085,125319.2790265698
410,165401.75935248355
2650,107260.23508874071
2867,171882.03973721247
1668,113702.2629080431
1161,176413.09756142297
2122,167704.21446066815
2539,129864.6755360004
1047,141861.49579133396
1445,122967.83989489288
541,154257.72418327932
569,235915.24776603654
1276,111579.98186796927
918,153878.42762112594
326,182430.6980911463
1936,122664.97967003752
895,76941.9544821952
257,135299.22939478955
1241,204571.01705728727
1545,124266.9821896744
1189,166527.12022130145
270,155359.18756111572
2066,219326.23837087792
693,97094.25157199218
1259,130753.72833076376
2916,167769.92078796984
2321,282191.0673138704
1977,103385.93859539251
1895,176834.77949742414
1240,161052.1817093352
85,143738.49364851858
1823,105309.9175491333
825,302496.2000558118
110,240833.81290758844
697,111550.58984505641
2297,105697.25590145937
1231,123569.05665157735
1355,134095.47615460027
968,316061.0257187544
584,244076.75425567268
1315,135668.22050170437
1606,116986.86875969148
206,100512.48795564123
1685,309447.7077169211
2016,144075.62861586525
869,222686.52682431578
2135,111248.99779415806
2346,175361.35779528483
2430,236992.26087454055
2198,74943.82322525536
2652,102568.4657616627
27,93746.63100929139
241,182891.62565047317
906,121073.00921606994
1506,104515.04890553164
2098,314190.06619218993
1435,226819.83077490632
2213,139641.81306235143
1274,125373.9389603613
743,22388.782158863498
1737,213917.16777684423
2797,272821.7031580403
2185,89914.56792790187
58,201339.8453598367
830,205284.28819297045
808,163726.21475896356
680,160307.03651308478
1153,106423.63257353217
1291,140076.86085092695
1818,221746.54861609894
2161,192842.54515950638
1883,119012.41644970118
350,347084.53408256057
2473,178355.63447044836
295,169971.5890174273
293,232394.98345795507
859,115575.294286686
288,33322.56649279175
1578,149275.4136374381
102,166096.30294666742
2831,189366.12376311747
1030,181170.10281404993
2551,131545.9071918074
1286,131870.5114477428
958,293329.0301837984
776,113308.91391105787
72,208015.74622659804
2263,264441.56790250423
1866,152022.39693073346
2876,46493.85131004383
2146,279888.11735525983
103,181714.61539197504
1500,171690.69690122223
492,190290.4657305826
167,125421.52471135114
2597,106233.8276747351
2685,103423.0567614634
1035,150435.32230938761
1220,34075.71040412085
2602,130615.49972168054
2159,227800.356980694
695,147696.4557614834
1109,254615.0536509296
640,174196.74382245517
1652,148542.6135759896
2090,196497.71527399844
1188,211821.69096707506
2345,256236.51047985093
1059,357918.98396055005
2751,232270.0249168023
128,232821.44186778623
1523,177358.06926221284
2925,169638.85999314906
2145,292914.26718181046
1121,244219.8479632656
566,297383.53667990747
565,236667.36037325743
1331,136028.87939404207
2928,136060.55012718192
156,130660.21062824153
797,170772.66795609845
327,91611.36687660334
2859,143766.5847443263
1453,106581.92603137693
1762,317429.16934316047
1868,229225.06645386317
1760,208006.4396122063
1113,267415.10383826797
1812,191303.97030283068
117,168838.66048496542
1142,226915.88724854751
2342,341226.5678298718
927,123986.07632747316
2478,197171.45278502442
655,48874.01434279722
2064,115619.18789200834
369,240523.59917916148
2239,122834.86399221583
2732,221795.21075723995
1653,167346.92770168162
959,217022.60140896053
2395,300295.6252507437
1412,108406.41679060995
271,272811.7898507721
1484,163279.84579779417
1497,144130.37715038867
552,195418.38938972703
2,107022.95188626926
1855,292620.99344011303
4,263559.3961509487
2292,169664.0682923689
134,140732.8996590348
646,93111.06518474012
42,299679.78597735544
532,234179.84464962105
713,92932.45062239282
2561,123200.58104421268
2360,135516.59742976702
1333,121645.61086538597
1407,211690.83807884692
2892,276050.740541009
574,233573.59641609504
1227,209639.97069704323
2591,260648.22659103503
1476,225153.9212858884
1125,263010.3526853579
1446,121940.03333332413
408,116632.87350524287
1101,276091.3559394332
2251,182825.0899399158
373,208478.467505235
2554,118966.64491491113
2382,260306.11951674032
1985,58259.35719081829
519,238301.48364029475
1093,197308.6298993323
864,274803.10915037314
2889,143220.86711239791
2308,184773.49676692951
986,144830.67499700957
1302,127234.06870901631
585,170309.4851710652
2708,161614.16374474112
147,127827.941329472
1441,235098.8601688745
383,186852.740615824
285,184306.4126880837
181,108610.74037520378
358,175028.75010401243
780,214890.34666096303
258,210840.9692033471
1865,224648.8918879542
692,135522.46633623051
2902,319377.96387221524
508,268626.6347423557
2638,140608.56131507526
36,161845.55598508217
611,188910.80491227214
2281,93694.02956325538
1678,140035.39780653547
1696,378661.4121876743
1557,71067.77904543653
2180,145683.20198781835
1726,238139.775605981
951,158244.73245126684
267,247926.4601255355
2706,139577.9011570327
2221,228734.20012686797
1357,169348.78217081563
2901,308141.0425146553
347,211612.11107418803
2164,199052.38094431534
1586,301042.4261108155
360,173576.53144764784
1769,242799.66411281307
2617,193531.24945133063
1879,176747.1637555773
991,244104.6833756303
1535,114407.90124846296
1191,160800.66385227884
1579,201533.53671394917
1882,141049.66368824127
1510,104084.76040466549
2196,191370.31185617205
1845,173362.05456383876
2336,333923.5044418273
942,83312.5432616563
861,117375.37026805291
2555,81357.78214354743
1392,169250.8956459132
2099,275854.23668342293
1543,144452.0166532502
948,272784.38620797684
1239,159117.16496387706
22,190456.35747401207
2796,235505.01983488328
2747,181995.29840740073
92,276816.93145552836
210,180667.14654366043
1858,242640.70104395808
2228,201082.92000271496
447,228484.64222665108
827,248791.68413473363
1649,224425.62734910962
682,140140.27166245086
2698,115539.44884107378
494,193733.51594365505
214,101695.07364460244
2441,251059.3356933645
2679,94580.87378043286
1336,114511.00713917147
465,202373.45941147837
1524,124068.64430972864
2543,96759.37463108962
631,129619.31727159466
2452,291874.17351013585
228,162096.63726727315
126,183031.00244856742
1092,227517.67427000473
1122,216044.36801399942
932,225813.5270856216
1980,75589.56134816259
2171,94125.00187240425
551,149906.25975024258
2768,172456.44725406822
2056,105262.62096888176
1159,349950.1787796831
2645,101613.95624333923
1174,179586.1305307187
2266,223879.78907739907
2462,348758.5821413244
1219,145725.40749170794
2922,200769.6562177376
118,140602.14402645663
474,203308.29638730013
2576,166705.32627441105
872,289042.4817884334
1077,239921.68387501198
1536,145762.187461945
1150,125909.82059384137
2341,288766.0625921311
1931,139420.81734243664
2785,122307.23757184832
2538,128763.78759513213
597,221352.2217265477
464,196479.04916047514
233,228955.93887797766
2169,132230.8597110354
2123,160765.45240996382
1867,168165.27418276737
137,281915.77300401335
515,235181.2670147447
933,146966.62850135844
2784,175883.4352624088
972,175040.32889165613
599,167393.00566476025
2614,124406.95835593832
2582,136307.08954863832
1409,153886.67153367866
175,59871.741558396025
352,242192.2828121127
976,73616.38166134921
2134,209744.30590345454
984,114362.63125346345
2396,340199.80451333313
1673,166251.46384008252
404,126575.3656176643
607,165310.36111326027
814,173684.48300964828
868,203308.2186318233
2271,202517.3211657952
1633,235270.99110943824
337,187828.8699735941
2765,166994.618895937
1746,238860.89776759874
368,314711.9499343715
2806,213385.1356331592
1662,189014.43630396645
1234,204845.20395629294
1373,143355.74224385922
1672,84914.77191510308
1939,119397.75296064676
