Id,SalePrice
2658,133082.2686003223
2718,167218.4534141235
2414,211645.31761473417
1989,111476.99497871101
625,185122.51430417597
333,62979.98932849243
1327,117427.77338498831
858,149773.17880504206
95,178494.35827799514
1568,181454.68514377624
2482,163013.71690663323
1364,133313.52823778614
2584,169321.59318580478
818,231597.9867276773
2673,202212.66702731326
2089,171698.97884909064
1297,130130.37807643041
790,118586.27835638076
2616,239359.63000718504
720,182928.70050073788
222,158884.37272977084
557,104976.93441561982
1148,201431.2204599604
2766,168086.23899550363
534,202836.41259017587
1452,108788.67580966651
630,116628.20618489757
2648,134049.18176629394
125,138447.03456653282
1904,25693.230306137353
1670,97138.0372108072
756,69891.73438611999
717,229533.19993944466
1032,151428.6895521991
852,236834.0899876468
1731,201791.84127491713
2639,121047.79705118015
2071,87645.50309858844
1267,123166.12707142532
1851,210048.69709045812
567,144372.2235410735
2439,232866.86574750766
1898,153798.02509426698
647,204174.45434427634
2256,216642.84994040057
979,96061.98619875312
1444,212578.17596583813
2485,132213.54088681936
157,132164.35419637337
88,108065.18699368834
2003,118433.69319744408
186,214761.55920790508
1425,264606.7583768554
2695,132376.1172687225
738,89091.64361707494
395,162093.00521990657
1353,172859.68289905414
1878,173762.54543508217
390,176723.56915923208
1456,223884.94939431548
1103,294874.9491666332
1387,80577.59576197714
2070,147331.36079710722
1199,180947.1494646296
2479,176351.29567304254
501,299488.90215151757
2362,83457.58834829181
1718,197469.21799794957
2188,52947.15577825531
1483,152256.25299379975
2557,68696.28419359401
437,312174.05808980763
2224,205055.6840856038
1628,198238.57235616073
397,127227.26145194098
587,197356.52456543967
971,204764.80591889843
2611,150364.26795512065
1887,103679.09802752733
2399,315140.1988102533
2148,225373.23570073396
304,128928.28918708488
1997,111464.56527999789
2817,89208.49991653115
1431,196933.34784961492
427,298696.0057205893
263,104129.91132317856
598,156055.5300574936
2895,277016.3035135977
687,153665.50477863103
1822,129782.80677811056
2191,102422.22112457454
179,134028.00990920886
1009,212683.32694480568
2010,117989.33644608781
1991,143354.68142341822
1411,220042.8526574187
1721,254405.2706608735
1144,187920.52002525702
593,221261.2388079539
575,302425.6495663114
1249,200198.0583032295
1604,130208.77986265719
1064,398397.4115506299
1923,155779.50430126116
1988,114637.13424471393
2325,176714.8189164661
114,202669.25983530283
2700,186110.69016686454
217,129903.63991197199
343,176816.41228701174
386,245516.22109150141
2005,151309.52814558148
2908,163499.01220733672
1814,237247.31784615666
2446,432257.2069627531
208,123069.96586254984
1679,97287.36930399016
822,302676.75745433196
6,204083.55272635818
1781,352199.2161870226
2397,273790.3830343075
2340,294678.7273394242
1618,183801.73315675557
2843,102693.20420819893
1061,324976.9663712941
2786,111150.87679510936
1935,136205.93595854566
1341,107600.68548222631
521,284793.6720225513
2136,122110.95949022472
996,200125.4301345013
227,132109.3536145799
135,174003.8205968961
1167,153347.62331017852
294,212146.88490078226
1776,215401.32007385045
540,200918.82154569775
1717,198320.03601122648
2303,135104.70107292756
116,172247.14014280587
127,145271.55958077684
1371,146121.77281994
1014,188021.86781203747
1507,112543.04315375537
702,141951.51677215844
750,154000.22024201602
261,151043.535493467
1559,34920.51016533375
577,256812.3729862459
2812,211217.10746783763
2080,170292.02369917557
1368,124779.59747710824
2376,119342.07255537435
659,115514.2858249098
1235,122675.43931004778
332,52042.34052615613
1917,151053.75729201362
2094,237400.00610284135
1460,283655.1150800772
1471,210514.67696848512
1509,115272.37217988074
1922,146138.99500766024
433,416416.53836102784
460,267675.09898068383
1116,260265.15379064158
1137,178902.15081592277
53,189719.70836295187
2354,263556.6810906157
1475,213059.6496981457
1761,392061.6496087834
842,128906.66760454327
2739,179928.72774522007
2509,154410.8880889602
1007,233968.37523496523
2610,198608.94799515605
1952,64941.256530921906
2719,157875.64230918884
2921,62839.16024957225
1966,122956.28631289303
292,121324.57213827223
1204,206571.3870431669
1829,277370.5283497125
2419,209073.21453104168
391,178078.24244201556
798,131546.9471186474
481,206078.02631515265
193,206515.31809800118
555,108881.70214393735
899,54984.613159079105
2357,210942.6923871301
328,129432.92544674128
1356,117570.43702353537
1154,95541.47806945816
1730,190953.63073542714
2249,158148.26954704896
1119,260993.36156001315
2856,124887.99319216236
1394,163440.4264663756
2587,120876.1519546099
61,308013.4271777421
2661,188595.01890495792
2711,134038.6429414712
1147,189897.50381907448
757,136148.6373839043
2623,89046.62725117803
2378,139929.69073165208
1413,154940.8574356623
1722,240410.556264136
1112,217467.08858443797
1623,207939.96658880264
1201,181898.43841475993
1513,95695.56829670444
957,395815.9273157045
1171,260424.5088586621
1145,211161.4259913452
2726,259913.68104467914
703,169943.9407129027
760,90603.80316513404
1964,128500.9781889692
2512,166712.64140932262
159,166394.63258455694
1281,168689.2785467729
468,184213.09241160378
290,123215.62633035704
665,82216.01428505033
1463,267925.8183894381
1792,242030.67562049255
923,169141.54222594202
500,264154.13105489314
1408,177308.91391293705
331,58556.72291570902
170,125870.64856440574
2192,78970.07565533742
2571,201785.02234999463
2314,187622.27249957994
2647,96064.86493711919
422,355383.52096587047
2457,344666.64566765726
1838,208002.1019251719
2805,259830.26050005108
1645,172273.84006668255
1711,292554.295567628
2825,267440.53089468926
322,331897.5662112348
2103,270894.73141596466
342,131869.06432086602
600,118999.34388513118
488,205307.54609496891
1725,305538.18266452476
2246,263187.6777225584
2847,181746.16025396436
806,255411.7040642202
530,241523.23021475226
963,186210.4944095835
2678,53963.61666724831
171,84330.25117724016
2401,351078.9313202165
805,247811.74871209636
2259,266298.146831803
1748,202412.5616326593
1361,139891.83255683258
1677,131493.24069168046
1406,163623.6069085896
2322,259893.4440574795
688,163486.4553820379
143,139992.32661047578
804,227235.7611567378
1214,156017.72851508483
2828,153996.5974496156
1999,172763.06156793237
2467,197990.85463538766
2665,169675.08425711095
1538,354889.36319548264
398,98838.21952691674
2822,153017.27151669934
2157,148822.5426805392
1856,180770.08261282742
1269,112632.8129461743
2570,124638.30576488376
2320,250780.10440472513
1517,132149.52026602998
2304,126430.68412274495
1312,94142.43157622963
2012,128222.7347930856
506,243219.70704344288
2865,198185.54449891672
2367,111753.59735927358
554,93366.1226737313
238,122711.62516158819
1954,103983.80167041719
2488,177675.33845906332
2291,58768.83122975379
1969,113950.49825235829
2725,168572.62698983029
1482,152270.08618048206
2763,202079.75563682988
503,254755.00179057196
1584,248839.45609873906
1531,122469.37586159632
2210,148236.13689904287
459,305623.78406624123
556,134169.8360249661
1347,130651.96798953414
1290,66558.90505914018
1388,98517.37042723224
1571,305820.7862281464
2754,225385.90122177824
765,124461.44066477194
2494,112308.98947900906
2870,223070.01114211231
7,221871.6227249168
1114,240600.20588521287
2418,282922.60977889225
291,140605.89324939996
18,319276.85765046254
39,310532.64054718986
1001,261961.68034643307
2442,247817.42376515642
616,112169.48136772215
2680,61479.12866457179
1414,99857.42024662346
289,128376.62736123055
40,251322.50963265076
860,130350.90972197056
409,134556.35768724978
673,154076.19350291416
2427,192587.01184998825
2036,248508.80680441484
2564,163981.68580007926
642,150878.45202068612
1008,188217.14667292684
1908,139987.50968513638
2519,219821.91879811883
1369,102069.12644449994
2855,165043.79995110258
712,88936.17005894333
1943,109820.20198602602
1958,144245.9305323623
107,166382.05344951153
2295,232638.43118819967
704,109381.09114648029
676,122078.8430871293
259,179510.63762156293
93,260504.14628723636
106,249592.698945757
2315,209329.6832651794
1050,106445.90658033639
1095,215438.24459884316
2709,145933.063486062
758,122581.72596499324
1496,157453.43046515435
2370,131632.54667418078
2458,283856.10641570017
2733,123911.29777283221
161,299322.3199669421
726,141598.07039900124
845,207781.12901536748
947,259414.51918007806
2232,131951.00831940025
2563,158513.9152418524
2299,153193.30549299344
211,77631.35183323547
605,153780.00080372393
1478,222074.1549198255
2247,263140.89417391643
2274,197294.41116479412
2869,184838.32717083767
967,242840.93513501808
2656,110068.29711873084
667,188009.9961644821
1042,128436.51517143846
2023,172888.95952587202
2447,340067.43055677414
2055,126733.95762371272
2275,271127.47676832974
2204,165073.88624333218
1563,260934.59184887633
483,216140.44708904997
796,119115.99015523866
1526,144166.44250514358
2042,140559.7010013424
442,306485.4439318627
1693,308440.7892199382
1468,218365.02534354106
1430,216439.10532472655
2605,169351.28567110747
1529,194503.95082427934
335,154768.2290339209
1287,134967.21162294596
31,82226.55642656982
1785,292343.92133139446
82,189232.0131888613
2620,122724.38638500497
252,197585.38431982324
721,45181.52414268255
2165,189651.462373849
2316,192435.8770388104
775,117462.88317805529
1558,60616.59605446085
17,249807.12003933266
1022,252690.47607084364
925,112590.931881506
438,277154.9822139777
1270,133663.19693173468
1272,115810.9232484363
215,109369.19105263054
266,228301.59679216146
2402,266408.8211312629
1250,108625.00249735638
1984,119801.99539079517
1279,134737.43446867168
377,288118.18583616987
1252,156384.10022661462
2156,261843.95882749557
499,295718.3878175579
1374,113157.44691808894
2898,245564.6717510745
401,107222.30911803246
2721,189600.81327528134
2078,259286.2312995419
2589,114410.42843633145
1946,247079.59110495448
1334,116507.14862194657
2781,246104.61207045615
431,346677.9172191173
576,215591.7347269319
1474,210757.2216079831
2254,157432.4631038867
2155,289312.557075344
885,104701.31266644225
643,135806.74659063667
1944,110420.72343283147
480,222051.16411627084
2845,95258.15770625323
2387,292673.53952834755
2407,219345.12659336254
2527,167536.68633425236
2514,147508.32243733853
629,185334.27784482017
80,240685.83115139976
1876,132269.61424389482
1546,124329.55215194076
2518,173505.2350973636
2347,171592.3037369661
783,216544.85673379153
1322,22288.655176673084
194,60355.63145659119
1770,279622.9870473556
2143,114149.5727596879
1229,227762.94330544025
511,266978.05598010495
46,219741.6289188005
1348,193156.13606745377
2465,194146.98475700244
387,252258.87555936724
873,227367.6646485664
1918,113437.32389603183
2764,247408.804546237
2184,128783.69701063633
934,140597.0687782392
1920,124824.30818748847
2631,148076.13131958246
1768,481196.78828141466
2040,98729.09572977573
1749,229917.33126056194
834,221430.73417642713
1457,252193.06854673102
79,137100.0412774682
2302,130582.4835338816
1817,139902.66301737726
2755,242056.50737388432
359,175725.38040519133
2059,101875.72287904471
2092,247202.36680826172
2516,249820.27841394395
150,117085.24227906764
1656,139169.19983571395
83,98476.16263665631
2411,199905.47663356736
795,71887.45659077168
2312,241962.58781571314
2917,77791.48262266815
1624,189036.01051576063
2215,310891.1851234548
1211,167231.23835872114
1485,157520.22360491008
1024,175083.3389493823
570,189798.29829789326
2874,129910.85605273023
700,152760.84261133522
2756,240645.8375469707
2022,180583.48789341003
583,247080.32080905512
2392,321556.4464316666
2424,220000.69329436868
212,88473.22815320641
736,124327.48427199945
1610,169642.67230023444
890,118243.9400380142
467,190452.15503637493
578,244605.24857890978
1747,199238.33189187944
1149,162368.66439579427
2758,241227.1692196317
857,126655.79350512847
2219,293744.56193481386
733,111631.25369918719
2909,109711.89363829419
1798,271233.8597968519
235,98556.16486774758
2366,125139.15634933114
1027,130411.24565035105
1195,129515.04663021863
1303,10928.616295751184
148,191074.9360330552
608,150001.20476510003
2515,220470.9652749598
821,270800.9958612919
2500,283999.90670410916
745,105245.55976744369
741,117217.1205508858
1611,123674.20788052306
2532,109486.67289495468
1081,238332.0895337537
1692,358147.4477800429
2520,197279.30292020738
276,138823.19974754006
1992,131897.182705611
663,7251.56177213043
418,151775.71430408955
1733,192077.17648293078
2359,167173.60594413802
253,207521.93195389584
1518,164413.69293832406
2035,145327.4303906113
2919,57930.20395364612
1540,241347.5576209575
2120,142039.3368942216
1674,190045.47263418883
256,139327.33874284104
2361,88116.90003288537
978,45130.12376430631
2280,153719.59092770144
2095,238000.69217832386
1709,300812.93540918455
2801,257926.79500028864
1246,102836.55650032684
2373,111634.05565377325
1055,266032.07950915024
2017,115584.01263922453
1099,276017.5856106505
1344,119276.6310839802
835,228472.21801665798
1117,221010.28630847856
2043,79371.75062488765
2085,124100.62773037702
410,153160.64590522647
2650,124171.64275179058
2867,174729.02827655524
1668,115089.58323619142
1161,165715.11805748194
2122,169729.33242521062
2539,131627.52097645774
1047,158178.47285094112
1445,122585.58102637902
541,151997.70933322608
569,217039.87832704186
1276,112914.73795596138
918,159759.83942310885
326,185318.04178271443
1936,123408.99421139807
895,70776.24280710146
257,130459.89101073146
1241,201453.73621123284
1545,127741.28981522843
1189,179595.71885934845
270,146647.27191660926
2066,223117.32141815126
693,99728.23590121418
1259,128898.40024529025
2916,170931.09287912026
2321,302110.18368882686
1977,92772.74388467148
1895,178855.18481142446
1240,187114.29334985465
85,138404.19035803527
1823,98174.27867858112
825,289421.7065021321
110,230226.45493571088
697,109175.20975791663
2297,110920.4135058634
1231,128102.93624611199
1355,139689.09522932395
968,323222.45901620016
584,244248.97706690803
1315,132553.83990634978
1606,124439.60022861138
206,98174.19861797988
1685,307618.0309842974
2016,141429.64607090876
869,222237.85180293396
2135,109340.97584447265
2346,184208.19319371507
2430,231162.58449380472
2198,79195.41499526426
2652,84838.54091204703
27,99732.69391145557
241,181340.0410672985
906,104395.37867707014
1506,104995.19312593341
2098,329188.76401795074
1435,214281.31089259684
2213,171979.1560052745
1274,130390.15266987681
743,27420.42729490623
1737,215728.27617609128
2797,276903.78415906057
2185,77849.3315294236
58,193536.5257474035
830,212027.8435780704
808,139332.6869176738
680,157504.19521046802
1153,83517.58057758212
1291,125832.19071631134
1818,201396.66804185882
2161,192775.99698125198
1883,114412.27556511387
350,358094.5299825147
2473,173247.9502721615
295,154989.6629327573
293,243482.00692194328
859,114762.96988199279
288,30940.23197249323
1578,151209.1550274603
102,155286.63992457837
2831,180890.29461324587
1030,188345.04889254645
2551,140986.9911502041
1286,140460.22881468013
958,293513.026811257
776,112649.00991826132
72,234655.90742807463
2263,259208.91793750972
1866,146173.05294688046
2876,51422.36555900797
2146,274820.58175665885
103,159863.1599142477
1500,151985.64739800617
492,203007.26540930197
167,118086.52590556815
2597,109098.28456215933
2685,105759.7134866342
1035,165769.77617175132
1220,47415.749333031476
2602,148719.0979181938
2159,220327.84114097804
695,154018.43224468827
1109,244102.31661364436
640,173462.1330853291
1652,147861.67141080648
2090,163115.6344134733
1188,215473.72442513704
2345,271905.1440159008
1059,351993.9979729429
2751,231272.63209497556
128,228563.1611117795
1523,160669.246338021
2925,167595.82696315646
2145,294993.9538211301
1121,241368.3897109963
566,295592.7548342943
565,247910.44105181843
1331,135908.67338517308
2928,127614.16506116837
156,127515.9544256106
797,172827.32719071954
327,70123.54029182345
2859,155440.5736848414
1453,116062.45678661764
1762,302164.766104646
1868,264127.90523897856
1760,212259.00265887007
1113,266341.7267768122
1812,200777.10644439235
117,151107.4313638471
1142,228863.74619279057
2342,349313.72128850594
927,133415.84271114692
2478,204655.91487202048
655,55394.23212602362
2064,124607.73441845551
369,246763.89922469854
2239,121585.48123573512
2732,220480.59367488697
1653,179254.89600953087
959,215738.9658723548
2395,300737.61212928966
1412,103550.70240084454
271,265859.3829700835
1484,151133.19365180284
1497,145742.93222802505
552,184049.77966441587
2,132643.88055904582
1855,291726.5538050905
4,251699.4746537581
2292,145991.46537783742
134,150448.76104941592
646,101563.68510545045
42,291376.9284797646
532,232681.91457038745
713,70679.27844240144
2561,128521.02302045375
2360,144813.2392784655
1333,117802.01388223097
1407,256956.87572500482
2892,282492.0501999557
574,217384.2524162531
1227,218415.79686881974
2591,245749.607016474
1476,228723.67245667428
1125,271636.92149498686
1446,131531.9604371786
408,112326.89078883082
1101,278887.9628630467
2251,181759.80456396937
373,207460.54107182473
2554,131359.80425972492
2382,271236.0928994119
1985,59925.32472401112
519,235022.8953037411
1093,206071.0406237431
864,265896.96551066637
2889,134677.83484197408
2308,182354.02742145583
986,178547.70765893906
1302,127199.27133337781
585,170889.4805717133
2708,163530.24418656155
147,125288.85838932917
1441,231435.22156215087
383,200295.10438964888
285,162583.0829201527
181,110516.67460523546
358,187530.50148998573
780,199312.9004016593
258,209163.58366724476
1865,221144.74842393026
692,130709.10406388342
2902,319292.5507057011
508,270700.1367154829
2638,151324.38415356353
36,142343.3788124062
611,178725.87862976268
2281,99727.5188078098
1678,115303.48749509826
1696,375499.0956975557
1557,70853.35956676677
2180,143917.72509254888
1726,230828.56247225776
951,153874.7689514011
267,243155.86927196383
2706,130065.18134877831
2221,242810.1537773125
1357,163960.59815924615
2901,303890.30444954336
347,207965.09674608335
2164,204696.92575100064
1586,291766.14251884446
360,173713.0853622146
1769,248557.85851588473
2617,217842.00573569536
1879,140181.05488932505
991,232462.11314821243
1535,118485.19723707438
1191,145226.18489007652
1579,200237.3264121674
1882,150035.77249666303
1510,119015.03203264996
2196,177221.17366008833
1845,157709.3739760816
2336,345688.27438315377
942,80735.41556364298
861,121550.11379839852
2555,87735.1219707802
1392,168487.4053701684
2099,270708.26165864244
1543,136338.43508021533
948,303235.37677483633
1239,206123.5456416905
22,173421.9324967228
2796,228232.41125822812
2747,175776.55714349076
92,271096.291345492
210,182747.4361104183
1858,227018.00476738438
2228,190584.7321513407
447,232432.8706374988
827,240166.16638967395
1649,224704.81462601945
682,139595.56068366766
2698,115698.73472048342
494,192693.03386980668
214,76057.89113581553
2441,262133.06742013246
2679,110752.61114574969
1336,111445.10356134921
465,208611.9357829839
1524,149349.97565338388
2543,95238.21819911525
631,137979.1668082364
2452,291074.1991551593
228,158552.54967614636
126,141698.78521201015
1092,228249.14163954556
1122,214024.18638126925
932,204441.46936737373
1980,80694.45341518521
2171,97647.60765549168
551,159287.38578123972
2768,169752.94876838103
2056,100149.2954425551
1159,346490.4563867785
2645,83395.91246004775
1174,157807.89141415432
2266,219126.4163294509
2462,360369.22428997234
1219,151363.77399777249
2922,176514.78421029449
118,128696.50036691129
474,191945.49018418416
2576,162619.6496487297
872,282135.77906168625
1077,230018.93075345084
1536,164001.34220272675
1150,120539.14687637612
2341,300391.06108890474
1931,141759.08507911488
2785,111122.44157652184
2538,130484.18951134011
597,230706.06017154828
464,199556.8278345056
233,247624.13688905165
2169,125860.58261159807
2123,162850.94768491015
1867,178661.9917198941
137,280122.9637465924
515,236058.8807964921
933,136184.4099970013
2784,174912.34873038158
972,162247.13581763208
599,188542.43331422657
2614,131079.963426847
2582,124875.58612601832
1409,175128.85429650918
175,71850.04485652596
352,235551.0789663568
976,66333.54173880816
2134,218715.64511271194
984,106323.48672056198
2396,332735.9797481634
1673,166444.30812337995
404,117613.31549186632
607,163386.25781082362
814,136841.05462941527
868,201159.6483781077
2271,199703.69864214212
1633,227717.38327228278
337,169169.717487216
2765,179943.31240050867
1746,244982.09780252725
368,307251.53082896397
2806,212725.08175468445
1662,189107.88850839064
1234,207728.82819854096
1373,133884.1871472709
1672,91931.62776470184
1939,106829.96930160001
