Id,SalePrice
2658,-364449.91080792085
2718,-345490.16349020205
2414,-314322.14329956286
1989,-404016.942396146
625,-337232.6681156531
333,-429036.5842264495
1327,-384199.16506192787
858,-349927.3708131751
95,-323844.51904331497
1568,-337074.28355788207
2482,-380127.7899274889
1364,-392799.1578436934
2584,-351291.02952626394
818,-268200.01193147176
2673,-345804.29573373334
2089,-352778.0686781085
1297,-334464.92626480805
790,-388245.03749403637
2616,-312258.5733491881
720,-370250.4757142209
222,-357040.8758191599
557,-401239.1165210188
1148,-337113.09489418403
2766,-333136.718012484
534,-329535.84734855196
1452,-396310.7130456383
630,-380901.95759489224
2648,-364207.33276381576
125,-365458.4826663835
1904,-443943.5263385277
1670,-407233.057387864
756,-416629.7328228068
717,-355725.01998748
1032,-370705.56523158844
852,-289585.0807125652
1731,-332313.55411494314
2639,-381566.48586075427
2071,-435811.89836374926
1267,-396383.63790263305
1851,-304261.77921501617
567,-357319.3327216676
2439,-312222.4831662765
1898,-367575.17052842677
647,-319641.53378671175
2256,-318244.3543811175
979,-401924.25677554053
1444,-300240.87692619185
2485,-389572.9458939305
157,-372684.79951278213
88,-397979.5014343485
2003,-391934.07685595634
186,-315817.15407049493
1425,-276240.20339713804
2695,-379736.832434878
738,-406705.9508076492
395,-369903.6560165279
1353,-342826.61941495887
1878,-368330.4992795198
390,-360144.13273199345
1456,-293117.1894933854
1103,-201028.70651768753
1387,-374393.27002341114
2070,-378179.59847102314
1199,-351142.5260817809
2479,-339350.79079248826
501,-190341.92280299962
2362,-426112.3080109258
1718,-306250.8595846477
2188,-429104.5966488323
1483,-380720.29871411435
2557,-417753.2902713476
437,-163498.57643560832
2224,-298356.7087729757
1628,-339201.1925576315
397,-382395.1061949355
587,-315553.22508443333
971,-356666.67789331824
2611,-372193.09242267837
1887,-419884.979683331
2399,-132499.07939945091
2148,-301387.0043442389
304,-379901.1008872986
1997,-393393.0644289036
2817,-439699.6736778461
1431,-309144.98110433086
427,-124566.13012120384
263,-401824.540801683
598,-346178.5102395229
2895,309328.4586241555
687,-384726.59424054064
1822,-392420.5741147862
2191,-400275.9051136195
179,-383244.49472598894
1009,-291455.03316240595
2010,-387286.42873375304
1991,-373496.4666089183
1411,-306678.13070203364
1721,-286650.9615847657
1144,-329209.6960807587
593,-311475.80801035045
575,-162590.39899905538
1249,-315485.8249065201
1604,-383502.8339738145
1064,-17780.826392952586
1923,-359629.07666343986
1988,-397064.98960358184
2325,-351212.16487455694
114,-308540.4667873294
2700,-340719.9228512456
217,139360.06835427624
343,-349469.23761573364
386,-291367.0074014573
2005,-387633.18162209867
2908,-340283.28189271013
1814,-294864.2811268852
2446,-78958.84446628462
208,-372033.58503264934
1679,-404325.496890289
822,-188083.07840409176
6,-322520.36199823185
1781,-124544.78004268743
2397,-189330.03515135637
2340,-215209.32817574195
1618,-341773.2689201087
2843,-383302.78236973775
1061,-156662.18454378378
2786,-386295.81500607845
1935,-383152.68404856976
1341,-398052.24451636313
521,-253081.88376970473
2136,-385619.76776991854
996,-326173.4422757868
227,-367926.64939374384
135,-337772.7913505924
1167,-357047.68749257294
294,-290762.5583436573
1776,-297412.5834907831
540,-343925.7522020566
1717,-299603.1036460516
2303,-375106.2914220744
116,-342071.02555170446
127,-367859.9433985839
1371,-372731.88582141
1014,-316443.17312085023
1507,-439070.2992035432
702,-388278.00249906536
750,-358497.21997993696
261,-359189.9051038143
1559,-552324.4641755493
577,-271383.274530153
2812,-310155.88641900825
2080,-349453.71620788355
1368,-395236.4591789304
2376,-397450.6255023321
659,-398402.03109929827
1235,-383614.42002872494
332,-436823.51037691557
1917,-377979.4713576201
2094,-294315.74293255876
1460,-247176.492049105
1471,-303039.35094413115
1509,-392146.4620908813
1922,-379577.93646031665
433,-23058.166491791373
460,-197975.76497729332
1116,-280830.2897060404
1137,-361113.1037219323
53,-354592.87671858096
2354,-237037.64146436378
1475,-310216.749897504
1761,-13029.280989244813
842,-373636.8375183884
2739,-349634.34417358576
2509,-359413.5719682495
1007,-296932.32956035854
2610,-327885.99533489696
1952,-405329.4498818745
2719,-351435.5096336885
2921,-433112.2457658183
1966,-369858.5137120264
292,-388954.79355454934
1204,-326048.84650587896
1829,-252281.72623824258
2419,-324277.98736688495
391,-355614.5370886433
798,-406646.4245179887
481,-329954.9346007495
193,-321089.05108321365
555,-399933.0976434208
899,29554.812024630373
2357,-327035.18442664016
328,-369413.7701334818
1356,-401161.4767221208
1154,-413031.2654141004
1730,-331503.68309206516
2249,-341241.0048420108
1119,-259875.65412927745
2856,-381626.5166556686
1394,-357081.60591489775
2587,-395343.75531264767
61,-164261.30744288955
2661,-359435.4338650163
2711,-382699.8012348579
1147,-343426.33533317666
757,-380103.5686165509
2623,-410004.31224063016
2378,-368518.7940484367
1413,-374477.2464071696
1722,-290073.0867874962
1112,-285783.53804777376
1623,-320704.4997715715
1201,-335018.4384063727
1513,-403687.5495519459
957,-124508.2757735739
1171,-254498.23909969116
1145,-326343.3812764436
2726,243193.2525972023
703,-356897.5319584417
760,-420845.4660020906
1964,-372729.1296284399
2512,-345019.1569454409
159,-351526.75699955574
1281,-351754.07294683694
468,-325850.0018610619
290,-397835.0703923253
665,-417524.1932606492
1463,-262210.14151622565
1792,-276921.7485650885
923,-321736.68454169715
500,-216572.50530080963
1408,188757.90923010465
331,-426508.53523617075
170,-390740.26300691767
2192,-419474.67676550336
2571,-268458.3679301059
2314,-341113.3271708372
2647,-410975.8166589765
422,-77526.09261406516
2457,-151537.67175624333
1838,-314787.28024180443
2805,-265815.6657116411
1645,-362102.2888766967
1711,-174054.054828224
2825,-254767.38385940576
322,-151734.53058279888
2103,-264721.36892453185
342,-394508.19124304387
600,-387922.6287098124
488,-319796.06566727115
1725,-151001.01954975165
2246,-255232.69538344117
2847,-348892.4677467139
806,-280689.5710037055
530,-265606.5068736051
963,-332645.85034942697
2678,-418242.5919970153
171,-436341.4053540828
2401,-69466.7649681298
805,-291683.2780145267
2259,-239849.19017905393
1748,-335190.36119036353
1361,-380985.6759441707
1677,-395119.2794517479
1406,-354265.0771660004
2322,-265134.18088886514
688,-360855.4491471916
143,-366184.91453668755
804,-304372.787818735
1214,183255.0572619948
2828,-378282.2801856417
1999,-398859.0659429126
2467,-294159.8194395215
2665,-357636.88448848506
1538,-162566.27668732894
398,-408987.514396959
2822,-362816.8717940552
2157,-387628.0173112403
1856,-315025.73477384076
1269,-415758.94578988175
2570,-404382.287667745
2320,-276610.8603865667
1517,-376648.9048992328
2304,-365015.58239975735
1312,-419677.25048803
2012,-373070.83231060696
506,-237384.8569561604
2865,-296650.2228481432
2367,-408313.6452089527
554,-429004.3815360225
238,-392223.95709973597
1954,-411381.3266089207
2488,-361873.87377613666
2291,-445667.07521535223
1969,-413156.2960986402
2725,-331083.45015852805
1482,-380718.7865668759
2763,-314396.17232422763
503,-235351.1173549255
1584,-279145.39168560924
1531,-369962.5317500995
2210,-322234.96227788203
459,-147993.76040585223
556,-385327.1057965071
1347,-383178.75909841084
1290,-444264.8763796368
1388,-411055.2036562532
1571,-181739.2766618086
2754,-298958.69142075256
765,-381560.47034529527
2494,-382673.3166824181
2870,-274432.4616133501
7,-286013.38978028204
1114,-287821.99406122067
2418,-256146.20696699386
291,100106.48665894382
18,-151994.41260258527
39,-122369.39765016641
1001,-246743.80075388006
2442,-277493.12729485054
616,-394164.1681386796
2680,-441560.3047217077
1414,-398537.5201305563
289,-355540.31121359393
40,-247947.75481296424
860,-374684.4832026425
409,-396270.690471502
673,-350498.01995583205
2427,-347781.8969524761
2036,-281789.129192217
2564,-363592.99973403383
642,-345693.44983093976
1008,-345723.27584626107
1908,-379411.3370811597
2519,-301512.32813586434
1369,-416569.2075630026
2855,-345568.4533301699
712,-403588.47704382683
1943,-398637.31361270533
1958,-386932.4424411999
107,-354884.0140509999
2295,-304740.18442092
704,-391622.9243102637
676,-381005.4784085597
259,-331946.3885814096
93,-228742.46321749594
106,-264248.2241243867
2315,-322756.4795237733
1050,-415634.92981845886
1095,-323782.0768229815
2709,-366651.57621110976
758,-400201.0827073059
1496,-358983.95198663
2370,-387995.2035532063
2458,-267637.8722609235
2733,-374558.9475005744
161,281896.3380723598
726,-375831.9265262941
845,-315593.3300579032
947,-262877.10954730865
2232,-393714.39886517054
2563,-361018.3060267123
2299,-381720.78309605597
211,-415154.1053589494
605,-371489.80249843304
1478,-319631.66794472863
2247,-263785.0114625206
2274,-290077.1116198085
2869,-321234.0368411755
967,-277160.03872953355
2656,-382414.26439619483
667,-337067.57031540293
1042,-395118.03484975244
2023,-337132.31336648716
2447,-130645.88540227548
2055,-383744.7772121702
2275,-235354.7464780258
2204,-349089.6567189405
1563,-258179.40288887825
483,-299139.02859639795
796,-419777.8483143451
1526,-359054.68257892085
2042,-382669.2008582575
442,-139021.9830815948
1693,-153698.02335963887
1468,-302427.6676511627
1430,208831.9541664112
2605,-341980.5511125494
1529,-334552.0036657711
335,-359006.437636968
1287,-382562.63342417893
31,-420798.0951913884
1785,-163077.53472964256
82,-339425.4052743919
2620,-406712.61764230067
252,-334091.8177917532
721,-519003.216878504
2165,-314805.3733365128
2316,-328185.7677081744
775,-373064.2687554585
1558,-492577.79794028914
17,-287438.56403698283
1022,-286463.51588348043
925,-379158.58404787513
438,-230824.64438828407
1270,-379667.5610679586
1272,-386619.36843198864
215,-402881.71816330357
266,-281404.33651261055
2402,-202770.35513838683
1250,-411543.8971148452
1984,-386854.53706969484
1279,-362434.1837455821
377,-254458.19096569065
1252,-364857.46157596004
2156,-271562.8091604435
499,-194750.3281026159
1374,-389113.22552147834
2898,-244085.8614204959
401,-400793.14381797845
2721,-350130.12386158854
2078,-258037.3362010389
2589,-401056.04156004987
1946,-284641.90537223895
1334,-403896.92554372177
2781,-283482.91673556063
431,-110711.4603833342
576,-315135.0570030443
1474,-311212.698551215
2254,-357263.1603369056
2155,-262083.3416916146
885,-405372.39074660325
643,-369319.40688199294
1944,-397272.58126242924
480,-314121.5850990943
2845,-394632.99845205434
2387,-205987.91226768098
2407,-288051.95933860843
2527,-361551.8298316044
2514,-369755.6915616088
629,-356595.3388998185
80,-299043.5115405116
1876,-374487.1355397366
1546,-390389.6382246781
2518,-339459.4687954744
2347,-354611.9854893633
783,254442.83345987764
1322,-480295.77601256943
194,-427721.09777337336
1770,-207599.43848144705
2143,-367231.27111055027
1229,-306453.00705687306
511,-266015.4020955553
46,-288813.6983290687
1348,-360245.768397209
2465,-295370.64464890654
387,-270880.6392085131
873,-303391.614680585
1918,-398178.5627763816
2764,-291897.75267031253
2184,-388909.67427230044
934,-385529.30753412447
1920,-386919.3650785575
2631,-367602.3183281594
1768,585851.5356891695
2040,-392503.4471174241
1749,-300641.2672333913
834,-275106.86657247203
1457,-268038.2336461225
79,-419217.5020624385
2302,-385789.6364125083
1817,-373787.2999384685
2755,-280978.03534342605
359,-355341.6977293652
2059,-403996.05810428597
2092,-291275.3950181985
2516,-266134.02323609544
150,-387274.53058328247
1656,-447719.92832957674
83,-401370.6523502439
2411,-323647.94483865844
795,-443926.3576860989
2312,-300493.83438461344
2917,-385180.18724618596
1624,-345244.7078387826
2215,-172362.28491681186
1211,-364230.12554239295
1485,-370884.3928681151
1024,-358804.33594913036
570,-326419.56038344814
2874,-369276.4942958737
700,-388877.73967092833
2756,-279093.03589058435
2022,-326739.59098438197
583,-288063.6780298336
2392,-121870.59639908024
2424,-322286.1692191048
212,-387710.38342825323
736,-370528.57499433146
1610,-334768.4553240044
890,-417136.47845987906
467,-331017.8579137421
578,-242116.76771360356
1747,-328031.4879339151
1149,-377526.6954106996
2758,-266954.8548262494
857,-373071.89808010845
2219,-253301.31361186458
733,-422985.59704657807
2909,-387458.27498431737
1798,-253027.30140590784
235,-394837.50619097915
2366,-401982.1254567094
1027,-383937.50212749816
1195,-378712.3327992873
1303,-461015.8817904054
148,-321000.0274870368
608,-371591.5041565972
2515,-279994.4968458107
821,-238427.19064796902
2500,-217694.32301741675
745,-391797.02071710303
741,-368094.59258689964
1611,-417258.63651117776
2532,-395437.05393143557
1081,-312729.82171135815
1692,-73693.96571430727
2520,-333106.5563247977
276,-359281.60330916266
1992,-383192.68500639964
663,-472010.823432609
418,-385666.57607280184
1733,-312900.6026664539
2359,-373943.83929884015
253,-320366.5821884533
1518,-329915.60583463055
2035,-385648.6963499163
2919,-435408.03923645546
1540,-278388.0663376448
2120,-358276.63194247405
1674,-339267.12252912065
256,-380862.21973392344
2361,-396906.5186939188
978,-442998.4161716176
2280,-365343.9662190322
2095,-291292.75566887436
1709,-205586.83561760467
2801,-273999.6740976181
1246,-397861.05192163517
2373,-405778.47776047233
1055,-231392.58032764145
2017,-385065.29768065293
1099,-232456.4381193507
1344,-418014.2810868507
835,226894.50354094477
1117,-260111.306798829
2043,-428712.9983826936
2085,-397964.1439859485
410,-365268.7672204068
2650,-391978.2820569116
2867,-323332.056795012
1668,-404215.12873231154
1161,-349894.6467854958
2122,-339363.02865699865
2539,-367136.1865743494
1047,-380762.52024377533
1445,-378656.0025687569
541,-371498.5571647901
569,-287560.2388898933
1276,-393856.4174419502
918,-356449.5129274621
326,-323201.1114858219
1936,-394898.6204351403
895,-410203.5957133551
257,-365911.1633095227
1241,-318729.61860370403
1545,-403127.20444790786
1189,-352590.09553746064
270,-386805.60414856323
2066,-312650.3009190527
693,-399845.16970576625
1259,-379372.02254855004
2916,-330375.0190948746
2321,-215707.30519398465
1977,-420586.76023627
1895,-353971.8798338368
1240,-328765.28742110333
85,-379891.4325295214
1823,-399072.2684154415
825,-245452.99135584617
110,-277852.1566964302
697,-401245.57836302137
2297,-387072.73270346574
1231,-385196.85419753566
1355,-371750.88253139565
968,-153146.43922631303
584,-280823.0644997535
1315,-370198.30202103127
1606,-373442.7091057198
206,-437257.8686341322
1685,-133072.72728911857
2016,-355023.46832413203
869,-296438.3583667234
2135,-408863.6157766867
2346,-340704.73547135806
2430,-305435.59394896706
2198,-438734.4075625178
2652,-393936.2808417019
27,-407389.2128963431
241,-347665.2863479939
906,-391862.37677214574
1506,-366914.3986543368
2098,-202887.42653370858
1435,-311112.46804485447
2213,-336502.9041192946
1274,-389405.49299573014
743,-494414.3410160262
1737,-315693.87208546884
2797,-256350.38069666573
2185,-422459.3614100714
58,-336128.83524008864
830,-317504.1885747381
808,-404988.62858091574
680,-366658.7829741156
1153,-407172.9109034168
1291,-395248.4753419778
1818,-341869.494437227
2161,-319486.84883389715
1883,-400211.1127664782
350,-159879.52160574426
2473,-351441.9048169125
295,-337574.3779510218
293,-299485.34578693565
859,-387582.64231913397
288,-447649.2721678845
1578,-343340.61219023704
102,-347755.78217081144
2831,-389302.1220601129
1030,-341061.3597442277
2551,-360040.19114581123
1286,-377855.95668590255
958,-197405.8099751796
776,-380768.615381195
72,-269987.10056841024
2263,-252163.55454473337
1866,-359799.6861698881
2876,-441357.94559695525
2146,-255828.93124782876
103,-352669.38499660394
1500,-390138.8268627494
492,-326826.81326086284
167,-367140.942494825
2597,-397289.315272907
2685,-389349.50743233087
1035,-366225.5268417762
1220,-424290.59911353164
2602,-356578.377305378
2159,-298646.22668184666
695,-376541.6357763405
1109,-227568.79159051436
640,-357494.2398098463
1652,-380850.23869619076
2090,-337984.47347597964
1188,-316957.9243878871
2345,-275650.3065498541
1059,-124916.69922073605
2751,-275942.88169462
128,-277241.3873764761
1523,-351379.7257077547
2925,-343477.8961881413
2145,-246985.8305588693
1121,-276338.53430150496
566,-249397.32740060403
565,-241207.34472198994
1331,-364327.31139167445
2928,-370339.0762641672
156,-383161.86466628406
797,-360371.23252607975
327,-430405.4326171188
2859,-371940.02489533485
1453,-396796.3552364493
1762,-182538.51484830468
1868,-288971.7203114175
1760,-316886.86808103207
1113,-275407.8261891443
1812,-313177.03620703355
117,-358114.62315848656
1142,-308106.4158798752
2342,-72489.94518117071
927,-359455.9127147123
2478,-315551.57150630956
655,-428268.57936745207
2064,-393781.25683817035
369,-213409.1844902353
2239,-388107.02944920934
2732,-298068.2383233935
1653,-363600.7621634214
959,-282790.3145154442
2395,-156407.16022614716
1412,-377465.5287217009
271,-271001.24515609443
1484,-379687.1091418946
1497,-359080.8153190841
552,-358760.14470659406
2,-380377.6957378248
1855,-225416.3895443387
4,-228107.27500938997
2292,-362067.9960512428
134,-362960.98157868325
646,-404295.60405116086
42,-183003.64742588345
532,-278659.97992835194
713,-417368.0929496458
2561,-386938.36312699737
2360,-375075.69031355716
1333,-396125.9636444191
1407,-272048.29532291996
2892,-210147.17739943857
574,-317284.24722637655
1227,-315766.5603143645
2591,275327.8802974548
1476,-307361.8772050729
1125,-249891.30346396728
1446,-377490.6219219023
408,-385041.85101637105
1101,-226326.55563258915
2251,-318955.6410238298
373,-333235.3955243132
2554,-362258.59395435196
2382,-235261.8324400126
1985,-417785.98576944205
519,-280077.46673826524
1093,-318270.82624580874
864,-264089.6126894655
2889,-356250.7413010218
2308,-325657.2693281872
986,-313966.9379309474
1302,-369104.8338372712
585,-356797.0959737501
2708,-358406.1893960689
147,-372962.06549258064
1441,-295040.385057708
383,-316826.33593531954
285,-357243.9418269
181,-401905.4156395511
358,-290105.99327993067
780,-302920.13087882474
258,-313786.3567710384
1865,-300239.1811175314
692,-407332.2283744018
2902,-202145.80795421428
508,-264082.78073936887
2638,-350538.4255502182
36,-366368.37134875776
611,-340686.2954097453
2281,-362703.8374352979
1678,-371339.05115969456
1696,-62494.294164202176
1557,-494336.3571443644
2180,-361753.7628217635
1726,-282962.2821380929
951,-354304.7641195699
267,-281333.80028460105
2706,-366107.27735677385
2221,-259128.3976646664
1357,-325793.2633316659
2901,-227011.57870303746
347,-329082.5587466194
2164,-324904.7435324469
1586,-233961.57279129466
360,-361860.47737559886
1769,-229399.67398594064
2617,-344742.63590639015
1879,-380825.57539234543
991,-264697.2100932426
1535,-364614.43414388364
1191,-353750.69789760583
1579,-288073.5628623725
1882,-316415.0552348234
1510,-370857.1125439175
2196,-361278.18791535334
1845,-338894.2786375636
2336,-95043.81923905318
942,-423144.9335710497
861,-381405.68297778
2555,-382780.49445876386
1392,-340318.80073299
2099,-265929.07360773627
1543,-390468.9867875681
948,-215059.65825681342
1239,-328966.83267349843
22,-351940.8616187677
2796,-291797.0332817286
2747,-346301.2316909251
92,-224431.65509745153
210,-336167.7932549149
1858,-308152.32218947494
2228,-363760.00909730303
447,-258215.4811655872
827,-288659.9774059744
1649,239218.61431242432
682,-379503.0847826239
2698,-408755.38671819936
494,-335905.9541002945
214,-490142.32892233646
2441,-268399.86148472223
2679,-399277.4104176827
1336,-370752.07328380435
465,-333042.93330173474
1524,-374140.154865518
2543,-419957.72641354124
631,-371730.50356012024
2452,-205373.0915305845
228,-348623.2218206846
126,-352505.54545495496
1092,-284350.53582763416
1122,-287831.4118927922
932,-293820.09457397973
1980,-480417.0784365386
2171,-406861.55477229715
551,-355691.3273343635
2768,-358356.20168079366
2056,-403969.88613958727
1159,-162581.2466565196
2645,-384905.7745077992
1174,-354468.73839308904
2266,-292379.7971284047
2462,-145331.47842225689
1219,-370326.60834617633
2922,-339104.19242492574
118,-375676.269568885
474,-351971.32170026796
2576,-354956.479914797
872,-257798.05317525845
1077,-287524.38046419295
1536,-338118.64021830657
1150,-388022.3044429973
2341,-194522.12434106995
1931,-331973.63952256064
2785,-393325.73888392537
2538,-388704.6789676682
597,-313678.17399745225
464,-313675.68640975
233,248092.91983445664
2169,-372355.9720641079
2123,-348296.7145673109
1867,-346484.1696817053
137,-283905.76858838904
515,-267808.5655027181
933,-393326.5121055625
2784,-343575.5551486169
972,-368864.62492146087
599,-331313.23398465896
2614,-391599.0929039989
2582,-365593.7843382214
1409,-347317.12411326356
175,-414047.36286486336
352,-257471.12425761018
976,-425377.92404410103
2134,-309741.5340461638
984,-401254.3625705426
2396,-157054.52721248707
1673,-370348.4986915237
404,-409579.92806808464
607,-351112.9290847678
814,-365927.1228729335
868,-314301.5495066317
2271,-304454.16625219793
1633,-288407.5564976956
337,-331679.41944010137
2765,-313129.29808556614
1746,-309134.51685879263
368,-172301.7511047849
2806,-314056.4594254636
1662,-336089.8844643389
1234,-310768.114404307
1373,-368579.5665259145
1672,-410022.3992216175
1939,-399804.53155816183
