Id,SalePrice
2658,159055.53402822604
2718,174832.3762113168
2414,225391.24971527793
1989,90557.25928147929
625,189841.17176545202
333,101194.99590450781
1327,93185.72112011956
858,140174.06819234183
95,223215.26228801603
1568,182411.1200038814
2482,161939.1068903522
1364,121398.30046499427
2584,171120.733128082
818,297016.70731744496
2673,181678.51651401795
2089,145442.12076867511
1297,170755.34716129163
790,116051.68714489928
2616,203627.868563249
720,202730.80042807688
222,134529.74077240517
557,106055.42211541114
1148,200101.5870432246
2766,168282.1200468219
534,204890.53936737753
1452,112396.84000128345
630,114971.00703703682
2648,113955.47292962368
125,144167.70669211447
1904,34374.39399133343
1670,86199.25799649558
756,81247.84873552574
717,231661.84476483986
1032,144683.44684099033
852,222262.30421299394
1731,210688.45046590478
2639,118394.29577221815
2071,79837.35102550522
1267,104278.03434398584
1851,200490.93204815616
567,172747.3174688327
2439,244811.38505619857
1898,133432.82425750885
647,155761.6542067437
2256,227107.2074763209
979,127931.64132221695
1444,240378.79198924312
2485,114585.08363464382
157,107609.65032399399
88,118053.65156863048
2003,111846.50490917638
186,210564.88809119374
1425,258551.9715796446
2695,123359.96434266772
738,101855.75478617568
395,145901.28211437608
1353,186299.2509578229
1878,146265.0961306421
390,188848.90699107363
1456,244670.33528519655
1103,277457.2350922078
1387,99426.5432324144
2070,148274.0297952965
1199,211989.36754283775
2479,186301.19222009857
501,291024.85762898065
2362,86199.25799649558
1718,196023.5408264245
2188,32712.051999304676
1483,167471.24743958632
2557,53417.19547179295
437,314318.71116299625
2224,210701.9438699952
1628,215264.96472776216
397,123281.798916484
587,200120.7627300683
971,173730.1229710672
2611,153019.18228549138
1887,106011.60976624745
2399,292241.27581290295
2148,220805.31342624943
304,123220.91767504672
1997,130985.99504252896
2817,78235.41586227994
1431,194421.41496685962
427,285440.50588499056
263,113136.28848194657
598,169117.40137506532
2895,249232.27068600105
687,162695.05033029872
1822,114950.71005795174
2191,81104.11823696364
179,141894.6725393536
1009,223751.39991174894
2010,110222.51012000255
1991,172008.1633756978
1411,155279.527669603
1721,254216.615934527
1144,196049.5573332354
593,245812.83931132592
575,246125.23135829857
1249,202369.4504372049
1604,122950.37211882905
1064,380210.21451893356
1923,177139.110546686
1988,96954.78296758654
2325,192953.58506348007
114,199923.70667918748
2700,189754.78597545414
217,135497.29022368602
343,177871.6395466039
386,270476.2868750708
2005,109752.3189613272
2908,149004.9012492334
1814,220656.0680211999
2446,417703.0875623231
208,133252.45386225125
1679,129819.15849567484
822,290850.0035499041
6,202182.98053123616
1781,330683.57009779755
2397,279850.8299308524
2340,288750.80170433456
1618,180988.1009014775
2843,136729.80804931326
1061,326770.77775176894
2786,112396.84000128345
1935,110316.86360273557
1341,116470.9293372212
521,278565.57673765696
2136,128570.390338114
996,216639.29695372144
227,170306.82172068045
135,162818.3289887153
1167,187009.12180266902
294,247947.40349059482
1776,205780.70010273182
540,196752.50826305826
1717,196023.5408264245
2303,115780.4639645028
116,181867.3229998406
127,112900.83546803333
1371,136880.22548219818
1014,188429.41041733464
1507,114806.97955938964
702,159988.71788728097
750,152078.68362811254
261,173066.40105523868
1559,57167.86294778343
577,222067.7423641663
2812,225680.0905568935
2080,174226.31812134804
1368,128251.9094516635
2376,124093.93516181642
659,80288.50743349805
1235,117015.7122778683
332,100042.01083434932
1917,133437.5080884504
2094,255626.52763062995
1460,295023.2343249831
1471,194766.5895500218
1509,118112.59154779231
1922,113851.15006046789
433,386672.2428508678
460,274582.1369753131
1116,255347.69483010378
1137,170924.65049860207
53,191401.1692619389
2354,275466.97810563
1475,208734.39620836102
1761,482956.7724982654
842,132843.88481999165
2739,153466.57294323947
2509,195631.09185117064
1007,243060.001276379
2610,197854.50712189102
1952,71758.84591426537
2719,173723.203490322
2921,100042.01083434932
1966,128771.55672122352
292,150541.66524796467
1204,233185.7140222378
1829,260652.19519709935
2419,212783.55449445057
391,172695.50018196134
798,142902.51002148632
481,223230.4271629867
193,220627.48699322296
555,113779.91663023503
899,55293.91537869861
2357,218448.75239218445
328,130325.82217477914
1356,104915.4699616083
1154,107208.40718556987
1730,198823.94347015885
2249,156426.16675772867
1119,274511.73462062585
2856,146714.48989177146
1394,149740.40536423982
2587,120488.37802887871
61,306357.34654479567
2661,195152.14364066347
2711,137349.71442056168
1147,193471.10037442483
757,139480.58861559047
2623,85307.88338322286
2378,180380.28016464505
1413,156839.66610225127
1722,242878.40589769091
1112,227644.62585846637
1623,209537.75080572814
1201,205107.99191769934
1513,85271.00303000957
957,247391.44980081217
1171,275617.3955385147
1145,219809.73215021472
2726,244265.13526591007
703,204984.06036487105
760,60622.7203412354
1964,115747.68142831326
2512,206283.27848001802
159,162505.88718156423
1281,202251.48347373027
468,203507.1171810259
290,130492.19831320783
665,81310.05545616546
1463,297263.4859415549
1792,242669.5972545892
923,130681.79862960358
500,271880.6836646865
1408,158971.44586277148
331,72726.22939897375
170,130748.72962157405
2192,83790.72622419242
2571,299490.3339203254
2314,193921.70801347308
2647,84069.27671811823
422,371406.35329452227
2457,295514.73312911694
1838,216517.8679473193
2805,276708.1738880337
1645,162032.2464951668
1711,303016.11784127634
2825,274067.51020858344
322,309212.9741530409
2103,260770.3170216342
342,129533.49739038642
600,94437.39794655284
488,215413.62411889387
1725,299454.99631639314
2246,258591.68611178454
2847,188967.60550973727
806,276590.4473810771
530,260510.95472975774
963,184586.8794898314
2678,56044.39367233636
171,68410.25265224488
2401,363595.4107143171
805,241497.57743374864
2259,220717.2561653708
1748,216720.53842504323
1361,167527.46944621508
1677,160038.4279453049
1406,165590.03439807845
2322,257742.12074429425
688,191082.97068208945
143,131478.7699999651
804,235089.02393466723
1214,162983.92841688683
2828,169489.56588643952
1999,193785.06296222843
2467,217959.69385909312
2665,188257.3532722122
1538,333880.2901828033
398,85992.48970174813
2822,129893.02289328957
2157,154533.54251056723
1856,163217.56902375817
1269,111052.21426637517
2570,118287.84094444732
2320,268860.437959766
1517,140220.08685643203
2304,130128.47590720281
1312,80317.34560403065
2012,153951.8792167073
506,240287.06947389175
2865,209795.4168969572
2367,145804.04469253775
554,107352.8771494166
238,120426.7573221568
1954,107534.31907673762
2488,180796.46023672773
2291,103500.96604482504
1969,109814.28522544913
2725,150842.83678562357
1482,167471.24743958632
2763,218615.6154584526
503,253865.53112729965
1584,245462.37776298868
1531,167298.98567322502
2210,181657.88649273827
459,300955.7994523016
556,122427.30465642433
1347,139696.43338010926
1290,82117.90318813454
1388,113652.57739976747
1571,181483.54266157444
2754,212943.86695744703
765,125187.99276801874
2494,118220.70533123799
2870,217794.72088522883
7,225662.8682132531
1114,230444.14766647667
2418,303530.98966963403
291,177488.46234257123
18,308797.97071390366
39,304983.0515638089
1001,265330.19955887925
2442,270344.2638136619
616,132964.63620221498
2680,75690.95531757735
1414,101884.59295670828
289,139632.16919080005
40,242968.67407860607
860,114245.46120294137
409,137331.95582318143
673,130985.8043461896
2427,190639.81460669404
2036,241982.48838963802
2564,164739.01469615172
642,157655.32666589483
1008,192256.49459754443
1908,155217.91947808675
2519,252707.79534570547
1369,71337.11369072273
2855,203083.39393502916
712,79712.01489841868
1943,73360.6014866631
1958,149606.91084807902
107,200440.9146531208
2295,190037.74132277095
704,112579.17484525591
676,136393.48960406147
259,194628.1832616073
93,287493.2146538361
106,268874.1485003005
2315,211628.75701725017
1050,110663.26457902184
1095,223868.54040478775
2709,134199.7310642139
758,175751.23374676448
1496,185220.84515443072
2370,159461.93541022553
2458,260748.41084705223
2733,119077.48500127997
161,294229.92820909433
726,142390.47237205599
845,204989.24363885727
947,281444.7726715754
2232,113666.49115184718
2563,188496.54603054374
2299,126649.86268715444
211,102873.20499181934
605,152109.4630609206
1478,222713.2699246474
2247,258591.68611178454
2274,175558.29233257961
2869,167474.96245423704
967,243220.08579806308
2656,70518.3277560405
667,231026.94893861632
1042,145227.55215745838
2023,178611.19171845587
2447,356177.56539866654
2055,137208.66464955942
2275,267896.41282679676
2204,178761.02313742298
1563,258732.73588278657
483,214752.773626965
796,122300.01518613496
1526,146656.06143658236
2042,202679.47006904497
442,296272.6257414343
1693,315590.83982957504
1468,243861.07046376402
1430,186138.42697085417
2605,170348.11930885655
1529,204932.65091078356
335,126597.02362839761
1287,126844.92354474892
31,125869.86859880527
1785,240140.50479640253
82,189341.2866309313
2620,114947.44331647386
252,198121.92411165358
721,60806.3560682775
2165,189910.8471700598
2316,195875.7622710166
775,117792.04111174471
1558,42412.506946254056
17,243679.43784010364
1022,227449.4733906109
925,124873.25162598654
438,264260.7911302026
1270,136686.47802287876
1272,116676.08984616608
215,130883.4459257489
266,244181.46744844457
2402,275207.3707521255
1250,105713.11895614862
1984,83420.9647388882
1279,147209.85857161693
377,282930.01561493473
1252,163154.73443911783
2156,280903.8968516125
499,314799.38336570095
1374,127587.29320949013
2898,266536.0362030002
401,86568.98223682726
2721,165557.9420012734
2078,231169.69350057212
2589,114427.64259554702
1946,211158.69458017452
1334,122391.1637684959
2781,225281.7188423688
431,335164.0733309407
576,240368.48912634747
1474,224487.3909545946
2254,167956.56622825935
2155,284186.7715898878
885,81616.20564657217
643,139472.2395301764
1944,100924.51218939573
480,230277.09390386916
2845,76605.8066462623
2387,295877.77834522096
2407,216927.30671979114
2527,173303.51161513338
2514,185666.34571977518
629,192600.39302740456
80,220817.56963234767
1876,135028.2710928463
1546,133126.72382728034
2518,174089.40341234207
2347,169287.08610505494
783,172340.30504250433
1322,20344.9293812993
194,53949.875657708384
1770,275208.2018276709
2143,112396.84000128345
1229,242495.9431285318
511,263912.9730644529
46,218617.0697928886
1348,211646.07844696916
2465,215965.92506940942
387,267747.16742174746
873,215334.78106853156
1918,112046.34120797343
2764,268390.79557003593
2184,110818.02489055833
934,177112.9158587407
1920,116157.12020078488
2631,176374.884467541
1768,471944.47435259726
2040,75319.96743914904
1749,252768.65185737563
834,233526.60009203712
1457,263486.5570099689
79,137664.5964987548
2302,115203.97142942343
1817,119970.67202159436
2755,219724.78817944764
359,194454.38819938852
2059,112124.3531827901
2092,262198.0370752951
2516,252196.84315323783
150,113191.13064408465
1656,148838.0506981709
83,91539.09277200676
2411,188471.6647408735
795,77327.29331800062
2312,265802.13987379684
2917,96824.60955819208
1624,210777.49225369561
2215,326128.3248267323
1211,162734.80210741144
1485,167471.24743958632
1024,165283.20701777097
570,194918.4659224532
2874,137071.86614694796
700,150786.8969519611
2756,213153.27873478225
2022,184372.03176743048
583,255330.90824443102
2392,330286.0792189967
2424,219185.36669392092
212,112072.49865094596
736,127487.3252999133
1610,182643.2690313442
890,97789.46576670674
467,198823.94347015885
578,295153.4077343778
1747,188646.0458170101
1149,161982.9192395159
2758,221707.13183857873
857,115855.79521175916
2219,296198.46971742995
733,123148.45785169024
2909,154753.62602827116
1798,279173.00215691095
235,92209.05697867973
2366,156206.51899799216
1027,138026.95618058508
1195,112120.25536576635
1303,-6506.724570833379
148,198996.6530754147
608,158880.98698551697
2515,232403.71683050762
821,260052.77471555304
2500,298747.8978093683
745,93374.00343313045
741,133237.08577573532
1611,122370.138429638
2532,108247.8133259737
1081,221135.32313444093
1692,347950.49250655645
2520,215722.84992016084
276,149243.391653619
1992,122767.08053949359
663,1865.4959093027283
418,163480.1608121402
1733,215545.0611663852
2359,145113.97322770348
253,198451.9338198451
1518,179151.5312846792
2035,161320.360031734
2919,100042.01083434932
1540,246446.65011486458
2120,134815.74743509362
1674,187459.72944171703
256,148656.40555930487
2361,85992.48970174813
978,71573.24432881502
2280,164335.28293620073
2095,245538.5400857909
1709,309384.9568082178
2801,257813.3541745271
1246,101976.16202069237
2373,157588.7645513981
1055,244157.275863881
2017,111574.01809068327
1099,288773.5389544619
1344,93380.78197771427
835,178865.1432293118
1117,209992.81433440535
2043,99066.46896056645
2085,121622.18741219374
410,186049.38518306334
2650,123322.2529139088
2867,183535.33334972337
1668,117119.72824429045
1161,197871.3434677422
2122,163197.52501639654
2539,126583.31308786315
1047,144748.34680439555
1445,118686.24990394455
541,146249.7778043046
569,215465.63210210507
1276,125299.47698413115
918,166560.1232064797
326,161486.72408923507
1936,106931.82255005278
895,80390.52029653895
257,132456.35222210176
1241,185442.7410791763
1545,114518.68748671957
1189,152935.7051643657
270,155110.0350456466
2066,188252.37364404858
693,99207.48148659593
1259,131180.46988620586
2916,153592.4453240654
2321,268935.1831931048
1977,105669.49730332452
1895,176824.03777215304
1240,166401.94270209828
85,123987.04777149437
1823,96578.95780684985
825,284654.601572576
110,222838.7967480733
697,103890.655197463
2297,107630.13940911251
1231,123309.21999755315
1355,133447.95188750676
968,296968.2618729337
584,254490.12452490558
1315,115427.43789499952
1606,115203.97142942343
206,104250.61326291692
1685,295612.60632505105
2016,135176.20309962076
869,233193.71895994595
2135,115398.4462731001
2346,187651.52355783363
2430,225637.7325421658
2198,81256.63038349105
2652,108512.05475024134
27,87101.66242274293
241,172007.8689881696
906,142413.2841121289
1506,104442.40737903351
2098,324306.83031861484
1435,215396.40177525347
2213,134958.4049918987
1274,143496.8606743021
743,24306.500214034226
1737,203993.69960779557
2797,290850.8346254495
2185,86677.29923181818
58,217865.32786115445
830,197338.66328182677
808,149365.21597759938
680,163799.5392203522
1153,111693.00823573652
1291,141267.58911052672
1818,202820.69845545897
2161,212374.11572197895
1883,117864.691631441
350,312712.4749712022
2473,173125.1875830337
295,172207.4261757827
293,208586.326026564
859,124758.05239522317
288,28457.54250793089
1578,156241.9947769472
102,185305.64818903664
2831,199750.89755357523
1030,179640.83168398193
2551,129141.2809615552
1286,118735.97106747981
958,284111.4403426312
776,117915.28252518852
72,197838.01216260786
2263,255840.6604838795
1866,149352.0416908043
2876,46308.908024188364
2146,289807.3804282006
103,204064.93303802842
1500,169489.56588643952
492,207134.54324357258
167,124642.96937085409
2597,100109.73246147623
2685,107271.63567809481
1035,147626.6619025902
1220,39761.39946774719
2602,153779.5137591574
2159,250281.91741391644
695,160041.46533577703
1109,269717.21762980754
640,176164.01835576957
1652,155406.0855847029
2090,207545.39910550788
1188,201683.1865726984
2345,255936.04825370316
1059,353043.10498989513
2751,235869.41334059462
128,215583.11674285028
1523,194814.84386391565
2925,140023.59639416845
2145,268185.2536684121
1121,231216.9274522746
566,317223.9110885204
565,232703.62473007012
1331,148869.76029260317
2928,130458.48561539454
156,115699.77126212604
797,163999.5662154886
327,101771.48843958718
2859,162303.61061172467
1453,107220.70063664089
1762,322825.2401145231
1868,212815.26408888283
1760,205224.30133519252
1113,255449.03006896586
1812,200249.3781138379
117,185197.48464541277
1142,204498.56339506386
2342,318735.536220748
927,129663.12203083606
2478,203602.90026842803
655,49386.5231674402
2064,111895.67871346069
369,226909.8612087448
2239,129151.67039532331
2732,219626.27460430702
1653,155438.83087591967
959,226837.1734440755
2395,303183.1716038841
1412,114126.3176065213
271,259511.89889558987
1484,167471.24743958632
1497,122684.07783100195
552,221874.37629752583
2,108027.28473051311
1855,263765.97582441266
4,253680.85970347328
2292,176877.50008980022
134,139275.95227945806
646,98394.83371729124
42,287764.8703967836
532,214812.9399992507
713,84986.27252062364
2561,121980.98553073965
2360,124963.36635553464
1333,115846.33593961527
1407,188346.09926278098
2892,290990.0719894101
574,249219.78653859044
1227,189320.7477856346
2591,254516.26945267268
1476,208179.80984786362
1125,279477.007873497
1446,114320.84221037617
408,130972.14356583334
1101,290441.3958529779
2251,166173.99561712611
373,203435.206126614
2554,121375.84552146727
2382,257007.35609457246
1985,62706.948008173844
519,228795.91153256083
1093,214920.65846511838
864,291308.1835641088
2889,149157.56684712763
2308,173602.78374059964
986,155190.29518547235
1302,148898.39525159076
585,182730.01289394777
2708,145030.39658622164
147,125976.71874415455
1441,222962.03816151712
383,180516.64610470575
285,156903.57221895526
181,105896.71743821772
358,191043.3431551
780,189910.36484733084
258,232280.4754170638
1865,235769.099873618
692,133313.00303690974
2902,295209.55077958526
508,251758.52896526107
2638,148104.06736381678
36,181533.26523480378
611,181199.10794941033
2281,92802.28633925365
1678,160038.4279453049
1696,353903.15140141477
1557,62802.76834054873
2180,156528.19213597523
1726,240043.85338848177
951,156712.36411675625
267,257298.48234616965
2706,126237.78043209529
2221,205388.86506657978
1357,162506.29360465426
2901,291019.3427224937
347,227760.2576517805
2164,193597.608529347
1586,308475.8110823594
360,173789.545272958
1769,251484.22973972582
2617,196817.20360522484
1879,152610.6243487436
991,230013.82449130854
1535,124222.65423677489
1191,146840.18409146345
1579,221331.02437124169
1882,136522.6412415707
1510,105696.19143431447
2196,182214.72101824498
1845,197666.86058297637
2336,346948.2196910889
942,102630.81998195499
861,106481.25215597753
2555,94709.84752007341
1392,146362.33355248068
2099,260770.3170216342
1543,164973.63663451932
948,272314.659579122
1239,131981.39813742973
22,199401.21271549514
2796,220460.138843087
2747,175832.64131829282
92,295710.67482243525
210,171184.68900496396
1858,242890.84028492332
2228,206987.64649930457
447,215129.23916690773
827,232046.2860412472
1649,236569.3379854574
682,133595.7802030926
2698,120830.00356396241
494,217288.8353260751
214,112526.58084812714
2441,255514.17509399913
2679,94606.41756756906
1336,102324.17078278167
465,222349.92891132133
1524,151343.3204492675
2543,104325.94451017329
631,120426.7573221568
2452,305222.16983219516
228,177219.81576426816
126,151457.63927858486
1092,217464.08472273033
1122,205965.56222289754
932,216202.5407913695
1980,48267.213550122455
2171,89025.61487165722
551,170333.23354507005
2768,171578.13182691904
2056,110786.50599246565
1159,347890.28888929775
2645,104205.1544732838
1174,203325.48455736507
2266,229785.5453395571
2462,337973.50268426794
1219,121130.58908770373
2922,184779.89999907184
118,131614.30486447993
474,203185.8891207995
2576,162711.4415983935
872,268794.7194360206
1077,241153.0261094768
1536,151890.97481381427
1150,126964.10438614176
2341,270400.9556278144
1931,119313.48678413825
2785,129621.99040923244
2538,120460.95694780955
597,241759.1878906344
464,219311.25158995204
233,228380.46301566763
2169,126312.28060380602
2123,171005.54641252407
1867,161900.75968749728
137,248449.84093171987
515,249057.69891352486
933,164973.63663451932
2784,158450.04987124726
972,165173.48544852203
599,168167.086782631
2614,130153.80227462947
2582,146022.74836575077
1409,160377.02719542827
175,66280.4127443065
352,232560.28954908624
976,71573.24432881502
2134,221899.32127227332
984,117981.00104893418
2396,326493.00396810053
1673,171911.16782007087
404,142115.8289988148
607,146084.3318274999
814,172060.83646788262
868,224835.20902034454
2271,194066.85560149862
1633,249311.11373636336
337,191268.81315833516
2765,143614.00116734114
1746,226333.36867366545
368,285686.9887118782
2806,204768.76480357535
1662,205169.61262442125
1234,207397.57078992203
1373,143834.46748741763
1672,86568.98223682726
1939,131077.75480285287
