Id,SalePrice
2658,156278.26419699192
2718,154689.6557843499
2414,206423.32804142148
1989,102282.07049016142
625,170224.53220824362
333,83930.59696458792
1327,120635.84139974788
858,174052.5506297103
95,185115.0856939864
1568,178315.72245369432
2482,131455.01793170325
1364,131155.92866490548
2584,159245.32896409836
818,259231.27377555077
2673,151742.12196283694
2089,157323.9439498433
1297,164560.56264153915
790,130426.23024627613
2616,212616.3259571814
720,173462.55519681307
222,154586.34437419288
557,110694.26950297737
1148,171267.57717649243
2766,-316736.9437214441
534,195360.51830037148
1452,123418.6552062796
630,119985.835422548
2648,109135.35588988336
125,160064.1857033805
1904,30722.877031165175
1670,96655.97949911747
756,84612.93141731014
717,190738.79881266644
1032,139784.02772609075
852,213900.45361311967
1731,186782.9652796241
2639,124510.23639475787
2071,92715.46735695074
1267,125861.587689796
1851,214901.07051873743
567,159133.58912674407
2439,203814.38690267177
1898,147809.86560060503
647,166595.76577035198
2256,192920.12546187453
979,106445.42257821257
1444,214588.52374007204
2485,127098.3929734081
157,128370.5094526126
88,108449.70375980344
2003,103408.01965372381
186,220075.5330326883
1425,240139.30100939353
2695,128475.79806534131
738,91530.87667304603
395,151669.42073604953
1353,177337.82973563625
1878,162036.8370603146
390,156175.1130856797
1456,220952.11087028752
1103,305895.61300212494
1387,121417.91620671982
2070,136154.94098060834
1199,162996.7703613839
2479,171301.895116081
501,324673.87366888346
2362,78987.74309696187
1718,214542.09868544154
2188,76929.76415595878
1483,124966.61346290098
2557,88293.5478720225
437,338606.33495765645
2224,216951.97761822073
1628,174954.78917474067
397,131908.6005441225
587,186092.8418374227
971,184204.10536728008
2611,142405.82802242925
1887,89538.6889277054
2399,343109.1920576261
2148,211304.87876073737
304,116027.20633989805
1997,117466.76231238153
2817,67949.60019902652
1431,202765.16742223967
427,357457.9580563023
263,112433.9766084305
598,174124.4907025094
2895,282814.77451954107
687,136996.49627105682
1822,122270.3863370642
2191,107259.07642240077
179,140297.06564204348
1009,235441.73585025477
2010,126917.05999518698
1991,135588.65319584147
1411,165280.5108167529
1721,251123.20371027058
1144,182681.7885439708
593,205204.56632078486
575,285130.77108107205
1249,178976.16343655274
1604,124908.64733656961
1064,451268.07081718044
1923,159116.67926770146
1988,118110.83672183705
2325,159864.2507661665
114,203315.10091963666
2700,171975.0606853664
217,140073.04464933812
343,175674.62604352087
386,242036.10508764302
2005,136979.47769399104
2908,163335.58866425604
1814,204827.26758142747
2446,443369.2004097956
208,130284.27928152704
1679,104820.15963587514
822,265260.32595578954
6,189448.26605878142
1781,351842.7542436884
2397,316753.4270391662
2340,317825.7396170639
1618,168675.4903483363
2843,101159.34740808187
1061,355570.44191825204
2786,133803.29356945446
1935,128789.04181262013
1341,115878.89977360168
521,267576.336507984
2136,123498.21672246605
996,187306.28103708173
227,139919.96592285158
135,165916.53722897056
1167,150727.65640612878
294,227870.89870092133
1776,224111.50630135695
540,173944.75492486963
1717,229479.9742585849
2303,130763.25555690494
116,184498.66044845665
127,151035.77985316375
1371,142168.00476521626
1014,184887.67518889625
1507,108999.2941238673
702,117895.87567063165
750,150561.19872489013
261,145154.00995418103
1559,44056.73482292425
577,244398.0334985694
2812,203693.6634123777
2080,159177.41986426432
1368,112379.10130915814
2376,121423.16612531105
659,113399.9223342631
1235,133954.9484571484
332,71551.50370016973
1917,139833.34684476885
2094,221096.64965358283
1460,257824.19350190205
1471,215740.64363798546
1509,117735.13351110299
1922,131873.17522084643
433,481246.4226862937
460,279189.91941554705
1116,244581.26030853856
1137,153478.8651188577
53,158842.58612202108
2354,277788.75267830724
1475,202895.57962258556
1761,483785.0923906178
842,136678.25769040594
2739,156557.1380351393
2509,147888.66272926144
1007,209962.36453820718
2610,172771.8567439029
1952,73697.3579325783
2719,149717.74208515533
2921,75969.50488170981
1966,146776.8988080104
292,123281.3550120513
1204,188266.67372429254
1829,266686.4412326438
2419,194174.17335766996
391,162607.95873036282
798,117637.45391079527
481,184994.17902693874
193,205730.6998154912
555,117820.03089936357
899,19428.21655500261
2357,168353.04408202902
328,124182.01422908693
1356,116889.53190113604
1154,88367.93165697111
1730,183425.47797992313
2249,163145.39122026088
1119,273382.7437071805
2856,121143.7268849269
1394,165592.2297521229
2587,121245.68482781132
61,335175.96612950484
2661,172841.54863409745
2711,121625.96956169768
1147,164800.8387208567
757,125143.03928727005
2623,103524.25233660918
2378,136578.13189721876
1413,145267.4234107528
1722,245703.22718183207
1112,222180.9016290633
1623,187987.76202879567
1201,179867.1623276486
1513,106602.88419214007
957,399697.9415841778
1171,229099.64621957252
1145,191180.90185012622
2726,250969.11870884383
703,174754.2758734692
760,110879.28215788677
1964,144591.71784747764
2512,168552.74683554727
159,144917.45304149063
1281,170871.844795499
468,182620.47053556982
290,115328.63896563882
665,101523.51112465467
1463,268459.78663685964
1792,233626.19715248188
923,173990.55068426533
500,288692.0538951054
1408,176963.50068852678
331,89311.5370736341
170,131890.17648229934
2192,87474.65089581255
2571,252706.97812115983
2314,169881.1735101582
2647,91403.8168197542
422,410218.0416289214
2457,331900.1785481917
1838,204231.90298598655
2805,259204.464891596
1645,148031.7431741131
1711,332779.4218936544
2825,253375.90101531614
322,303842.6037437236
2103,258842.576626827
342,126992.38278580015
600,114913.67262385553
488,188399.35506828618
1725,330376.17110939673
2246,280415.1288779548
2847,156834.12978178076
806,241361.20985582052
530,248245.97915634885
963,183392.36289430503
2678,87894.8736148139
171,87723.0196069302
2401,419068.6000138582
805,223291.29761552112
2259,271871.849899485
1748,183602.61294177594
1361,140138.97971528536
1677,112474.25947287446
1406,144457.13953050645
2322,254843.91495099198
688,154429.36168495775
143,146510.4577189444
804,206888.72107718117
1214,194656.98484665062
2828,145482.3684835676
1999,177814.18671615818
2467,222542.19113246864
2665,165608.75331297144
1538,365877.731780516
398,100117.11379022524
2822,136592.02485704375
2157,117124.48561287601
1856,192374.25362737523
1269,123203.16271007364
2570,119653.61897608591
2320,239244.40426417137
1517,151831.9913497693
2304,154543.0375647496
1312,91254.84645418287
2012,130752.93288934417
506,269250.4824859642
2865,221041.29841350345
2367,99056.27067451924
554,102116.15884545213
238,119057.52118166722
1954,98622.83699369757
2488,136350.40433380613
2291,53773.13750696322
1969,109477.6469039889
2725,204355.01078292378
1482,124967.30213560676
2763,196234.4909213332
503,269895.316772006
1584,246933.47343813558
1531,150049.57360269758
2210,190823.6999710584
459,333450.6698722015
556,125161.92975421995
1347,115165.42587562418
1290,71256.33496640879
1388,93150.55939955753
1571,312953.66593949194
2754,219959.06103169685
765,130497.36400720687
2494,127404.58039730461
2870,219677.44090104732
7,246860.45872564288
1114,227909.0096928561
2418,267944.01963928295
291,111985.92407954019
18,356137.9610672828
39,364483.42136766156
1001,318174.21651516017
2442,229992.59942361736
616,107890.24255265575
2680,76535.40017565154
1414,110401.59923302801
289,157042.40733419172
40,298690.14534323337
860,132692.82118553156
409,128262.23953005951
673,170124.39455732214
2427,169869.08215862745
2036,222830.28131410526
2564,158369.4280460626
642,161248.93993226578
1008,163883.10865023825
1908,-312612.3203682662
2519,208403.49919412658
1369,100181.50572537445
2855,172445.615964283
712,98186.41867937148
1943,107750.00881097466
1958,135279.1599119499
107,169059.98495923402
2295,234035.54173117387
704,115083.46655424917
676,131066.60192229273
259,184301.89556902112
93,282786.70631914446
106,251099.18525243993
2315,184581.8135344796
1050,99177.57900572359
1095,187933.98077761685
2709,146017.47350750165
758,128051.1107669957
1496,166033.1544185977
2370,119986.39516603923
2458,278772.22956417874
2733,130969.83829439478
161,279309.9750880548
726,137975.15744187194
845,198988.2357073722
947,262715.1475813845
2232,138484.6910083564
2563,155608.5513983774
2299,129203.90818986367
211,83987.76454457873
605,137947.88165407674
1478,202204.09909804002
2247,252305.47333344584
2274,219350.23299761326
2869,179297.00445323158
967,235593.11371385702
2656,112053.92738684686
667,183702.9156827717
1042,110324.81160178268
2023,167914.12918754714
2447,345913.9352750678
2055,133343.84550284874
2275,289192.6812200844
2204,178696.39544152515
1563,265600.0115720264
483,224220.48942093411
796,86953.92633283045
1526,149583.57697622385
2042,137040.07304036594
442,337091.8261753048
1693,360560.0477824954
1468,214038.78237110912
1430,175737.5600986518
2605,172603.06147580897
1529,198305.37014996773
335,160107.35163987475
1287,120514.77090535779
31,86376.43356857495
1785,282752.8207124714
82,165824.6704800038
2620,112996.19615063188
252,189786.0770381554
721,44794.46595935756
2165,202196.63695636927
2316,180948.2195547279
775,147105.46150182234
1558,57962.942637891974
17,227603.5956250592
1022,224443.69082501996
925,129027.92863646382
438,303683.7253716618
1270,157167.7227605572
1272,132981.49294140213
215,123445.32873818139
266,232608.8083949925
2402,295883.4459907671
1250,101666.13707136479
1984,109901.35810505738
1279,150207.35010049096
377,259819.6695590387
1252,168026.92430429533
2156,246500.9566959322
499,326025.6242022072
1374,120961.96283403737
2898,270356.9454388714
401,99783.75615814165
2721,177834.51586129563
2078,267075.70850164443
2589,97130.11146104196
1946,232970.2497217604
1334,112550.56140629784
2781,224871.074209715
431,391158.26060605515
576,202859.72456368734
1474,201815.85530115478
2254,161329.52124057687
2155,267037.3682039273
885,103575.18442016141
643,157050.7699201475
1944,123024.10915380949
480,197745.36259682337
2845,115819.23165889969
2387,339009.8586207086
2407,246818.2665772247
2527,140781.36191371828
2514,137888.43931036815
629,178815.11030451488
80,207884.03007925907
1876,141676.74259328796
1546,129517.77693466516
2518,180395.0338380139
2347,154398.64563026046
783,175464.6282455125
1322,42910.57303836406
194,89038.59843760729
1770,295281.2654445069
2143,112337.47984224674
1229,205088.41869456926
511,253191.55409169034
46,250580.97106506163
1348,163234.34738829732
2465,220321.3914429231
387,247004.42008741386
873,204146.8015353256
1918,110311.86108996952
2764,225463.2671713985
2184,119728.3209301699
934,130882.11867687479
1920,120312.7132753632
2631,158293.71835534275
1768,522020.96839280194
2040,114335.84632023051
1749,212267.10580728366
834,248683.16935814172
1457,243081.72167061502
79,93678.09067528509
2302,125155.72854982782
1817,145898.88912940864
2755,234821.2892274442
359,160970.03478232352
2059,103013.87181504536
2092,220376.24497567676
2516,258077.7630907977
150,126685.62926030066
1656,88115.37180830888
83,113461.62198391045
2411,188881.60224864725
795,68729.06270093936
2312,219289.438238821
2917,96901.66731607262
1624,168236.09951749025
2215,361034.56563671445
1211,149855.29963146965
1485,132273.2703733854
1024,161173.0107873287
570,181065.0538021708
2874,148067.2543489479
700,137851.3532265625
2756,233042.14479192765
2022,184458.00789936306
583,226795.09501518682
2392,358308.6189455956
2424,189525.77861568192
212,114112.50991587574
736,135984.4815032736
1610,178973.4979148577
890,109150.82282929844
467,178828.92683548736
578,270290.29251509183
1747,177690.11502417503
1149,132749.7735959594
2758,255336.39033557894
857,136713.1190963476
2219,309185.2838041361
733,109329.64305057796
2909,127527.27933552628
1798,260661.83622435154
235,101089.76380184363
2366,125836.69014025386
1027,120014.85844139894
1195,131742.62346744118
1303,31088.799573722295
148,182789.44512542617
608,138993.85342517286
2515,229762.05340768117
821,243612.83670904534
2500,299788.5658946191
745,118795.2402439448
741,135425.7317160864
1611,119446.08212429378
2532,111767.75443915674
1081,186954.26942424965
1692,411179.67152539035
2520,180271.98966877488
276,177663.2640031078
1992,133261.43463255116
663,32673.233110705158
418,135678.36765632266
1733,201872.20859144093
2359,135114.3612533016
253,194711.30512213986
1518,177429.551698477
2035,133071.03166746162
2919,69025.38002559077
1540,246074.93782935198
2120,152682.6360328789
1674,174146.73811975704
256,133096.97999516735
2361,120677.75855450542
978,74849.83216301305
2280,135944.63436968974
2095,220592.94692680193
1709,329023.8028225787
2801,243069.91242124094
1246,114714.05228053336
2373,103762.94713422889
1055,315274.25431309314
2017,115413.36118618445
1099,299250.553758777
1344,115183.81552691665
835,180242.7506534264
1117,225169.84814154264
2043,79393.96826927946
2085,108127.37461568881
410,147160.02280343766
2650,113315.29964081338
2867,190913.78615263943
1668,115672.77992549073
1161,161538.4887643382
2122,170922.67404006468
2539,140340.9263568516
1047,126968.96245888714
1445,141089.32314425008
541,142948.4814441381
569,225352.06266701664
1276,138318.19089036854
918,149305.06732383277
326,182205.48353613168
1936,125115.11366946436
895,112474.49059502059
257,154819.99820724316
1241,182678.6468215608
1545,129955.5188972163
1189,150785.52050090022
270,119308.6384723857
2066,196014.56923891744
693,104909.2420629228
1259,123195.32862502686
2916,177110.5845979054
2321,283388.1545305045
1977,105974.1061945865
1895,155095.4209305141
1240,154114.9439072844
85,146901.61782296048
1823,101642.24799131043
825,278811.0393078879
110,232406.03082889318
697,124017.48329024622
2297,123912.45186439948
1231,126394.04957988183
1355,141558.323678551
968,302562.9120717095
584,244929.02235926175
1315,140213.52206598828
1606,134982.20488002663
206,99335.28467808757
1685,346445.3715161884
2016,141815.24862501025
869,216675.31505483063
2135,95415.77001028555
2346,163649.01102801552
2430,217216.76288597006
2198,80645.80569852353
2652,121045.00131426472
27,100028.99599636276
241,169545.68949785596
906,137180.07510085404
1506,118417.17088111164
2098,322362.5909253112
1435,206747.31869536964
2213,171691.14641205827
1274,122270.00238791388
743,46294.376088460675
1737,201984.4956237739
2797,258297.87874531047
2185,89864.46653402969
58,185453.99719563313
830,194844.218405562
808,106233.72575598699
680,155636.60745951626
1153,97552.86374132847
1291,127932.34262155439
1818,180219.15046564257
2161,201625.48914219672
1883,115150.56223156978
350,362440.5117867575
2473,171628.65138543514
295,170353.8230305072
293,211733.04761511902
859,126197.55220385944
288,44979.68707159138
1578,172129.83866413077
102,161386.3200243411
2831,131934.18984432635
1030,165281.24920117948
2551,149914.60545909335
1286,144769.735133206
958,296447.50714468793
776,142293.77661660314
72,221621.25999258994
2263,273543.7575107296
1866,160020.4628229146
2876,71481.86712159356
2146,258534.39296940644
103,162641.10667644092
1500,113481.04331161454
492,185566.29739860096
167,148513.67556230118
2597,116456.76790352701
2685,119776.96408599662
1035,145869.06822628435
1220,72076.02026893734
2602,149936.9592076242
2159,216726.9193846616
695,125451.26548807393
1109,279864.26943471376
640,152129.8717271504
1652,117891.2091468377
2090,193995.49388095015
1188,176131.0124573568
2345,245271.38482601615
1059,382686.87061535846
2751,238897.7869688957
128,238203.39616164519
1523,165482.95095288777
2925,162850.99588604085
2145,273704.71897678357
1121,245887.33694905438
566,276340.6300513302
565,270140.3491314342
1331,150283.188238292
2928,134335.97452773387
156,130649.88184159365
797,150614.62949927105
327,82261.93350034393
2859,156401.06548540364
1453,102053.89012143388
1762,332813.91520991316
1868,213723.25154175935
1760,187765.29014322
1113,242783.83128153253
1812,196496.00702081528
117,160665.20289024827
1142,203990.0008227462
2342,382620.5871773828
927,149220.83177726273
2478,194642.35305700707
655,74963.53305232944
2064,114856.76813687151
369,305371.57074358687
2239,126607.52820903203
2732,213655.86042089132
1653,146542.6619332868
959,247524.98860445642
2395,355566.2360839697
1412,127708.52972358279
271,254681.91594455065
1484,124976.05913556786
1497,144653.4173974893
552,157870.4224435063
2,128546.22537153168
1855,297357.4047152838
4,259311.09097825782
2292,149339.10842464073
134,147123.50920368638
646,106307.21261046408
42,341691.4057035416
532,222486.56158327847
713,81737.12693333277
2561,116002.37180245481
2360,123703.0184080028
1333,116452.24430086277
1407,227515.15952623636
2892,314571.10905817477
574,194469.64963835338
1227,199594.92115391092
2591,262376.5783597301
1476,204878.0882076274
1125,271755.1898720844
1446,126802.00500429515
408,132277.81545293145
1101,287063.73906536587
2251,182168.08362407982
373,189167.93547715107
2554,149232.1693050228
2382,299390.7324508694
1985,78233.56924183923
519,254489.27333448152
1093,191009.84488445148
864,255543.3782749388
2889,155424.16021361738
2308,177496.4898966411
986,175024.47024349053
1302,137017.6259206531
585,155535.46960265143
2708,161447.08627894288
147,143720.74615845736
1441,218011.68564718403
383,196935.81689588027
285,177399.8822578832
181,102185.3002574544
358,180844.1189276683
780,204166.1138239142
258,206057.980134896
1865,218109.49965044623
692,110455.18563468778
2902,321454.59416736476
508,264301.4416438453
2638,147188.65475058462
36,139939.46238023043
611,169421.48435882572
2281,144821.46619884763
1678,104104.70022005215
1696,413888.0147815314
1557,81355.38128811121
2180,146796.33511468535
1726,270497.86186319264
951,163092.54859024403
267,232671.63141398272
2706,137903.07079702988
2221,260963.6335004156
1357,158638.63043628447
2901,297586.30721650086
347,185768.1129826815
2164,186215.51968687447
1586,290489.1254561995
360,153424.50371255632
1769,276573.7405708316
2617,186831.82737241476
1879,124925.15033492912
991,248432.21288831928
1535,130749.0653530776
1191,142198.2506456182
1579,236013.2017056034
1882,-4734.235933255637
1510,121203.11328061204
2196,140367.00378873968
1845,166733.7602239214
2336,410129.750787043
942,86392.65281529841
861,138031.18326053675
2555,124775.70275581395
1392,170391.07035236014
2099,257958.1143609113
1543,113634.54490177426
948,275661.9116228111
1239,162235.5651522295
22,178973.26228764467
2796,216365.9758873894
2747,161598.7358717746
92,291349.5330128353
210,172027.51006365963
1858,208034.51153969788
2228,147546.30657911347
447,281093.5448891539
827,228662.59575706976
1649,220954.1426657415
682,154513.57099368842
2698,124973.83862115885
494,187297.47615930624
214,67593.57137667714
2441,244652.84771666257
2679,110096.03249749076
1336,133455.68004235043
465,181128.7340104836
1524,122956.49629780767
2543,92468.9564805741
631,132541.83731819317
2452,304432.69518113905
228,171909.7764364276
126,175798.57542353636
1092,254932.36581733217
1122,230005.78755045868
932,232928.31415314414
1980,45912.25133370794
2171,113112.26072505396
551,167496.55869006854
2768,154399.45627578767
2056,105869.83772365958
1159,358736.3210113356
2645,115384.60086432542
1174,153971.08844600245
2266,219991.8966968283
2462,340688.05996541213
1219,139400.4573581349
2922,167372.98917078553
118,148702.1124127074
474,163241.0864314842
2576,166378.66869675298
872,263696.3569428588
1077,257458.35240320768
1536,163857.18597543566
1150,118858.03689927445
2341,321548.6705523834
1931,153512.27999731293
2785,123494.52178431582
2538,118908.99784297636
597,186388.4649978862
464,201882.5526999766
233,215338.2540012342
2169,120288.66313313367
2123,166548.9178420233
1867,147900.39385361806
137,260714.81732023484
515,255720.3812534036
933,109318.52751575503
2784,161289.69868899533
972,144397.4308610959
599,165899.83206433035
2614,121096.82816352625
2582,151678.76133236056
1409,158381.76438962575
175,64984.80427087704
352,291007.66151075414
976,94728.42880668864
2134,203341.02422289224
984,108012.53720982582
2396,347903.27150842175
1673,152629.8867692547
404,118982.0358550062
607,155728.85700263013
814,151910.4698134102
868,201675.89639348304
2271,202626.68936005048
1633,241507.69650268066
337,168506.5339602013
2765,186890.77789175138
1746,210827.45857224846
368,364678.3859514054
2806,197241.80226398353
1662,184582.87042130483
1234,203878.07096464653
1373,140744.28008017712
1672,94244.0428134061
1939,118843.95273920242
