Id,SalePrice
2658,133043.52410166804
2718,180097.73529248685
2414,221185.93347177375
1989,105019.71361758234
625,175712.26776958676
333,79031.51616430073
1327,106220.79701780668
858,148298.53432471212
95,195492.81589175947
1568,177968.93329072115
2482,158597.22045561974
1364,127434.20771303028
2584,168151.02255012188
818,278548.41346418206
2673,166140.80293524032
2089,158897.19319837773
1297,144762.17869949737
790,115751.34078898095
2616,210973.7840245301
720,187162.4523171212
222,152188.2713627969
557,111819.88053992367
1148,193238.85664621694
2766,162111.09821815975
534,193602.6842130269
1452,123384.86830878584
630,154072.88938233396
2648,124733.11405333737
125,140247.48042046628
1904,43014.65701668197
1670,92858.91219342686
756,70307.92811327754
717,214001.43009492918
1032,155147.15223509958
852,211749.29520232603
1731,205353.9040531523
2639,119996.22009275667
2071,83082.73062977241
1267,121864.50268155616
1851,200699.29034822388
567,177400.03571827896
2439,214404.69715883653
1898,141478.9774628647
647,184703.69606914883
2256,210161.2921193675
979,112840.59627589048
1444,210226.1133518559
2485,130770.65879650414
157,116812.56260778755
88,116581.96912392695
2003,102628.47774737328
186,195773.30665800744
1425,241124.03963656863
2695,121371.86889996193
738,98837.89959013416
395,149701.84926368715
1353,175142.2778145722
1878,168973.25285249483
390,175587.12819607416
1456,215230.1023369315
1103,305517.03663143236
1387,117652.56466478156
2070,155546.10576430685
1199,176830.55027466756
2479,165463.040833381
501,323397.23651003
2362,93348.68521879218
1718,238215.53388720565
2188,64382.23329102062
1483,152402.11931144842
2557,75557.35591597715
437,342035.6726527193
2224,205385.0506784101
1628,201065.5102958912
397,122564.5030712781
587,197708.03493411513
971,205018.81541261426
2611,154132.69525443274
1887,106255.69479857758
2399,334033.35978843505
2148,211755.23467213428
304,138830.9753879893
1997,117533.77038131375
2817,93002.05931824772
1431,209662.64445372112
427,348602.7751309555
263,106820.10495628417
598,179614.87799857487
2895,258757.13036332862
687,148692.55405557016
1822,128060.46306007542
2191,92929.58133531152
179,140791.63477981417
1009,279900.1589195072
2010,116780.42612324934
1991,131869.71550943237
1411,150684.7356356536
1721,282755.9953336818
1144,173959.18809519894
593,206232.87178583443
575,249060.0357043075
1249,193617.73273061984
1604,129798.30901582353
1064,423129.88794780127
1923,167618.80346367857
1988,104353.5771516338
2325,173610.90344053647
114,202807.26742237853
2700,186371.29378973553
217,142826.5307662862
343,182554.8844302846
386,234252.18144932436
2005,130451.22006924124
2908,159960.8798012496
1814,225691.58779112622
2446,437238.4725709271
208,140935.8628710704
1679,102340.45691162208
822,267760.95354628144
6,191002.22417725925
1781,324052.5186068937
2397,314420.27693003416
2340,345346.4881910966
1618,167489.0068549025
2843,120721.293224541
1061,332028.4806242599
2786,125597.61580969067
1935,121437.27643303294
1341,123298.75708167558
521,265066.19390245294
2136,134839.51976456586
996,194453.75245387363
227,150220.55220400146
135,170840.53013068018
1167,164076.3349902248
294,224950.0118357644
1776,216792.9710961911
540,194646.96173395775
1717,255979.64734317362
2303,126523.06722283852
116,191337.2496722825
127,147889.7542342639
1371,141280.43465838023
1014,205600.37135894713
1507,114059.69682424166
702,136266.01911390875
750,134234.23816805775
261,146990.1481909037
1559,66480.43253064575
577,212745.6230623955
2812,199087.03673222754
2080,151912.65933104837
1368,133828.0471166093
2376,124386.56940490333
659,115893.33854203555
1235,123951.31566900364
332,78027.66750136088
1917,137983.85421415605
2094,224533.80284068617
1460,247170.49902607314
1471,197385.38611526904
1509,117506.71661629691
1922,134155.44996511145
433,418711.8579218022
460,310535.61224412266
1116,238088.19224184752
1137,170015.26375402277
53,180106.25549164345
2354,262929.22240507207
1475,198700.15408816584
1761,466051.4958723043
842,136402.90400134167
2739,160065.31770018442
2509,166006.46477543516
1007,215099.68378462642
2610,179724.3704213365
1952,75857.54376677354
2719,172575.69946160656
2921,78187.99453072599
1966,138499.49249346484
292,152688.5909181945
1204,194247.00495183608
1829,239787.57381941145
2419,205061.53034965764
391,176149.21475208038
798,119251.61342784995
481,193620.97581388731
193,207479.0777265695
555,127933.76338579948
899,52690.01500051329
2357,185210.893487602
328,117585.47670117114
1356,125596.16623586579
1154,111806.15721550537
1730,195438.75632889522
2249,144820.36250892887
1119,266338.04412691505
2856,147676.69206166407
1394,161218.30095563852
2587,118802.95148348995
61,330422.86737921136
2661,192261.89057290577
2711,132702.99374406878
1147,175663.84783931216
757,126536.4236894031
2623,92352.96370573645
2378,147671.19276933535
1413,134457.0660412372
1722,275248.5855047023
1112,207555.52302983124
1623,193516.05646838387
1201,186605.0100534733
1513,102674.02983706514
957,429360.8514262729
1171,252514.018586413
1145,192127.10387934884
2726,228518.0587121488
703,185568.19241002225
760,82061.5861261636
1964,137919.19646214833
2512,189509.66778747272
159,149522.08421004144
1281,177507.9675693093
468,185190.56109661888
290,118694.63654481852
665,85300.82301097992
1463,248338.81877033412
1792,215955.18127284572
923,171001.70082141552
500,285804.78107688203
1408,168998.9668630606
331,70994.2929454702
170,143189.47614314966
2192,76504.6460214043
2571,266861.16477849404
2314,182278.7356104832
2647,85387.76350132003
422,386536.5198873938
2457,305670.8159546531
1838,226161.45390634518
2805,256986.94356444827
1645,169823.88907700637
1711,325602.12380704633
2825,228642.2825924228
322,318561.4635505222
2103,263004.89749870496
342,124909.5724560325
600,98783.91344968881
488,194202.96643627598
1725,353379.74174772436
2246,281967.3096341486
2847,181832.160444197
806,237090.68950668676
530,234922.5163424043
963,177417.78923533368
2678,65265.45646670507
171,94603.43604276609
2401,396746.7514969772
805,220856.90842394112
2259,250841.087997315
1748,202450.1825235749
1361,131911.6203829404
1677,123789.88329531811
1406,149399.78403104795
2322,275364.51730558625
688,157481.96696581552
143,134491.41458082153
804,207212.8238717555
1214,156489.62095111003
2828,158255.21373541025
1999,210796.99253604095
2467,211216.01824368932
2665,160811.2738399771
1538,321787.6975700534
398,97951.62479603896
2822,146489.55303838267
2157,142492.04749009386
1856,177637.41451787436
1269,120393.84852915071
2570,112831.20580024575
2320,252095.20550784539
1517,128922.64196372265
2304,132613.5474494726
1312,104897.6542382238
2012,128734.05699078226
506,274608.62225941475
2865,187373.14557733573
2367,109022.22486383747
554,106421.93224362493
238,104832.73443342559
1954,105963.40223444812
2488,163623.4768747706
2291,79606.1231132294
1969,106446.56841897382
2725,168523.67927608127
1482,152402.11931144842
2763,194259.5357148638
503,270964.6150272675
1584,244671.73524306598
1531,181582.24513511406
2210,178256.48488009395
459,355812.24997906014
556,123160.73838249454
1347,116013.84982162481
1290,74448.97116570827
1388,109620.25621697912
1571,360680.13543311413
2754,219750.2242328832
765,122713.7003154289
2494,123425.69211584493
2870,191915.0383355443
7,252449.0499474213
1114,221099.3816332072
2418,278056.957187359
291,157676.23222668841
18,357939.10038022324
39,363421.2788228006
1001,286785.7088885093
2442,235079.44439083524
616,126031.22599100275
2680,71067.4626159221
1414,104126.80539851077
289,138365.73280663555
40,298211.60110734147
860,128836.66222625226
409,130918.84688190836
673,155051.20045234752
2427,195096.21008196706
2036,210666.33782941848
2564,151343.7899904463
642,171485.06010524463
1008,173444.09267782373
1908,135822.43638934102
2519,212263.33359479555
1369,87373.88616178161
2855,169472.8896823381
712,85653.9961870818
1943,128520.0893912965
1958,141635.32687680214
107,168130.12421605038
2295,233908.7561837749
704,109404.06460770522
676,124086.09357288922
259,172852.8250623925
93,293385.3067958867
106,241337.78918681247
2315,194242.265584321
1050,109063.10647091642
1095,202818.72992711607
2709,154172.8502597527
758,174155.83052422805
1496,158020.08204136463
2370,119386.16146966605
2458,278334.56957429927
2733,117915.04018006264
161,269739.4922521943
726,138924.30940483976
845,196270.94635919924
947,241571.95469948696
2232,124848.01571726822
2563,163761.84001339506
2299,143165.27301768633
211,104645.50193531485
605,155543.84676466673
1478,205433.3930033329
2247,265413.10572610307
2274,208543.6062925856
2869,168491.5603011269
967,215926.63215189218
2656,97305.52565808804
667,196016.7343969012
1042,117171.98391566519
2023,154957.30396891688
2447,347994.54060711106
2055,128578.70115501946
2275,291771.1013454506
2204,178339.9211148622
1563,263830.8057821065
483,253651.23351038527
796,109857.602762172
1526,144049.80090561812
2042,182850.11144269793
442,338865.3077065102
1693,352721.143362317
1468,213415.51026993175
1430,183316.95656240568
2605,177840.5242368013
1529,188876.61017216835
335,149439.2937678569
1287,130911.63934739446
31,94469.40007677767
1785,259393.43368293834
82,161376.02258065436
2620,122884.55823931843
252,190709.55299800332
721,81166.10414065514
2165,202139.37707138038
2316,202487.86300348374
775,127807.67785098357
1558,75236.36266756756
17,225043.5058635499
1022,236690.0147870225
925,128722.67404598463
438,300669.0769785086
1270,149378.93623328023
1272,113281.01441127062
215,139986.881726315
266,216258.18682802073
2402,290436.7241654792
1250,102007.63120498834
1984,113956.38999658078
1279,140380.64747855067
377,250500.90792965377
1252,171268.62501161895
2156,238594.55985684134
499,330943.51754198293
1374,130720.09937564982
2898,227078.3339573529
401,100098.9317411608
2721,176951.00724375946
2078,252005.93204220245
2589,117940.86646317714
1946,218344.4123196241
1334,124712.72740783123
2781,230337.74781970773
431,377038.55680778716
576,203086.0321758266
1474,193101.83624569094
2254,156830.24637624342
2155,275094.87976550823
885,102448.79051219113
643,142092.49127567932
1944,117272.07474759268
480,208096.1511798096
2845,93300.8796350914
2387,336451.3866287074
2407,276481.1403769597
2527,151107.26418342814
2514,164457.2335580471
629,186997.42421021848
80,204885.54350228608
1876,138786.16077175993
1546,130651.0038517178
2518,169891.01069353428
2347,161609.6110134225
783,182170.08288986748
1322,31046.712365882006
194,62776.34280079673
1770,292252.6239447808
2143,123771.7745806775
1229,212222.3240897227
511,241658.38638476655
46,279076.44409306557
1348,180414.43691674666
2465,209601.07193704555
387,236272.33243544772
873,202789.43528848048
1918,106230.25640373328
2764,229472.49100879556
2184,111649.30226918752
934,139912.70294108125
1920,119991.71074461797
2631,150597.6318925114
1768,459554.50815993827
2040,94422.57105411217
1749,221801.6203887756
834,238890.7042116765
1457,229533.46766886185
79,134769.99491012306
2302,116933.47099595773
1817,125653.96929154708
2755,233938.14360242896
359,170562.7341641041
2059,112163.36694218498
2092,225306.041654167
2516,237599.15815716074
150,113591.6274393783
1656,132728.76300058048
83,105313.60101122083
2411,204768.9405101491
795,75127.28575486434
2312,228399.27273845626
2917,83757.66444698046
1624,178015.33584501408
2215,317499.3367979354
1211,159243.98696732195
1485,150730.22197537008
1024,176482.70257467194
570,191586.7930919123
2874,139240.27527386788
700,141020.81893770164
2756,230687.08707830403
2022,168161.32489954727
583,222636.06366667245
2392,362017.00434887083
2424,209684.5285629141
212,113944.49837233825
736,129698.44032291067
1610,175314.1526754056
890,101048.01659653173
467,180513.13237279234
578,255974.93765172618
1747,190268.8335916251
1149,159212.40229250863
2758,248965.85688264482
857,123696.6554986448
2219,274352.65444163233
733,118691.77187783457
2909,126922.88622771623
1798,246341.63398106
235,112224.89522246597
2366,121003.78145441669
1027,121153.04039929877
1195,139860.85357273417
1303,13426.120156416786
148,179148.94254651666
608,152644.54408297944
2515,219250.33356662956
821,243388.50545520708
2500,312023.6188928806
745,109508.22470051516
741,123797.69694975135
1611,193576.48911825195
2532,119874.646839289
1081,206311.074974061
1692,386364.8068888553
2520,182715.74312543124
276,146964.8144685498
1992,129639.1765093198
663,28609.675466113258
418,142382.81995126465
1733,208028.69410109194
2359,149210.44913941622
253,186859.56697899243
1518,176685.7241289243
2035,141504.17137067788
2919,78255.07015760848
1540,236043.26572673814
2120,143952.08012566622
1674,187212.12734895246
256,137616.32760566124
2361,91521.41868977831
978,67094.22609272809
2280,149475.36990409647
2095,208386.1610967596
1709,321324.80824246793
2801,230341.7228355906
1246,103562.01224027644
2373,115591.38077028026
1055,316224.3078224694
2017,104002.62451310083
1099,310384.9942628802
1344,96742.16027829796
835,189618.68515160726
1117,221872.4650486987
2043,93136.00693676597
2085,105431.52346554911
410,153631.4132827043
2650,108656.14705848251
2867,169558.312246548
1668,116833.01920950809
1161,172803.7380414533
2122,166111.1927863094
2539,129704.35111838276
1047,134407.06376247946
1445,138308.8553448082
541,153679.19156867824
569,234546.90444881422
1276,137248.88174631773
918,143448.46088913642
326,175822.1804728005
1936,125207.90331430896
895,96755.48108009249
257,139459.6967678941
1241,184476.9043045137
1545,120777.33243661257
1189,161116.3395104038
270,143504.4065902047
2066,207228.04208919825
693,102281.33034008695
1259,130793.24381444324
2916,162465.92124145618
2321,289344.8027384619
1977,102305.73449590476
1895,161814.96289381897
1240,164204.0617052375
85,141558.63470936473
1823,109412.14689123491
825,280903.1977223165
110,222840.6616419414
697,128802.62280517095
2297,104269.74420934962
1231,121440.31485261628
1355,138551.94713360863
968,289016.32540308824
584,226997.7290751296
1315,126149.8893046712
1606,122090.33790107025
206,90273.33463436551
1685,353625.3032067595
2016,138762.36649355595
869,209967.19035271974
2135,117942.88484777394
2346,183292.67373808566
2430,240938.6483889101
2198,85159.89453011937
2652,105698.24044627324
27,99304.58113597217
241,161718.16314489
906,143257.30355807883
1506,114596.26466602902
2098,311443.323886903
1435,210542.97148960014
2213,161274.05555285723
1274,131567.08202539198
743,39360.26057315222
1737,215169.4726454285
2797,252177.179166771
2185,85183.23872275278
58,202593.49621561472
830,188359.1034331685
808,148797.28286134917
680,151673.25937345717
1153,105695.58710808097
1291,139346.6584559239
1818,201196.79063884006
2161,201670.5685002047
1883,118911.15307275741
350,341337.88183783274
2473,189856.42336746166
295,170679.47872657003
293,219772.4451614113
859,127825.50178128597
288,42784.86455240543
1578,159803.58174073766
102,163717.30016696127
2831,153433.1094450557
1030,171264.73849615757
2551,136785.06953931716
1286,133878.35896374332
958,298402.53616602067
776,129908.21816117154
72,200907.59113976127
2263,279210.0643594032
1866,148424.36806777655
2876,59612.22091357899
2146,251236.34747281903
103,186711.7794826778
1500,139914.7426000205
492,200032.42691003997
167,123454.12243896886
2597,108536.15922228317
2685,106264.52610711288
1035,142575.7932683234
1220,67871.23657531408
2602,134579.68083793158
2159,214889.35603773687
695,130101.60680492222
1109,284973.42874797294
640,166791.73384698364
1652,149247.37736675376
2090,200947.03526840452
1188,188872.15787713067
2345,232882.61341276206
1059,373589.34261447215
2751,228859.3510617616
128,217728.55346083548
1523,186094.11141192704
2925,169878.5866161245
2145,249784.0523481099
1121,241893.7188084931
566,270508.1066687824
565,265300.251588644
1331,143044.9272917118
2928,135427.3346700333
156,126151.08967055078
797,156831.454095216
327,84084.91494404618
2859,155302.62174871797
1453,109696.57927389909
1762,338835.0244564847
1868,215677.87245656224
1760,196452.0233335183
1113,241294.31648179702
1812,187423.83768270304
117,157517.07528162817
1142,203192.3478870222
2342,391028.15371443145
927,126108.62744659977
2478,188003.1516912654
655,62563.560145310825
2064,114966.44003940606
369,289424.413444757
2239,118903.5016111082
2732,196317.9787092302
1653,158285.218770599
959,248647.02992581832
2395,345637.1386228441
1412,100937.5837885344
271,255243.8402275273
1484,152413.2760215369
1497,127824.48911076295
552,181395.20055007283
2,120346.90314974217
1855,254246.80639570812
4,244204.99106001458
2292,170805.64300672547
134,138115.97650938318
646,103526.66563608311
42,328095.61361230747
532,207165.1153410608
713,112014.3877912527
2561,119956.66468254873
2360,128317.262467199
1333,117464.11343947146
1407,245691.33221952524
2892,283069.5345704211
574,211573.02509358572
1227,198863.49065641174
2591,253714.69880109653
1476,201126.58764219214
1125,257136.61291764956
1446,122143.24112030352
408,107797.13641652465
1101,299783.49241479347
2251,175348.11127828178
373,204642.97267008247
2554,135070.60324354796
2382,292193.9955372079
1985,68707.54461720795
519,235772.67279536603
1093,191440.5193329607
864,254940.41305522295
2889,139935.6730743253
2308,167471.59500098787
986,156922.7145755908
1302,130420.77816300606
585,165090.85007044766
2708,163707.8297456191
147,139164.99934789562
1441,219110.7128149676
383,174166.5351671225
285,168361.25027550338
181,108846.8769610636
358,176642.98845725134
780,201672.2155360086
258,201147.18713003932
1865,205405.38628965896
692,131250.49371232511
2902,308917.14629920176
508,238089.48732804158
2638,133149.03540805285
36,148732.95067992853
611,175521.11698648054
2281,142640.8305608842
1678,120244.1707981301
1696,405353.319551395
1557,96179.18543615355
2180,132847.40504141524
1726,295802.69170870585
951,151811.80387174524
267,228360.12811915786
2706,138537.84883998404
2221,229380.20946128387
1357,164936.1148553423
2901,289812.2251437418
347,207097.46351768542
2164,186365.10653143516
1586,279849.55166796804
360,166321.68017471442
1769,267226.2912746647
2617,195124.69247782044
1879,159159.40159108397
991,220709.0858865471
1535,145789.40183565347
1191,147493.2932295103
1579,236561.275410685
1882,155182.90981420176
1510,108657.68274757802
2196,188352.2031822689
1845,172335.50576686603
2336,411848.88671443285
942,79716.85850643134
861,118074.70272066654
2555,98575.71327196527
1392,161094.63246633136
2099,260730.6749835033
1543,126480.02412277274
948,254611.14707195014
1239,149976.97378897853
22,181863.32197828614
2796,210049.17112046783
2747,168900.0079558536
92,298183.97659969935
210,175895.03825629107
1858,211899.41345753474
2228,172447.08602033928
447,277080.9935237495
827,222539.99014826142
1649,218272.4180240545
682,142417.03916355292
2698,109520.72903384687
494,197550.65333929635
214,105541.98302936926
2441,255761.00299956882
2679,91029.21273580147
1336,136210.50498869433
465,193744.273213848
1524,120716.41909973603
2543,105002.604102646
631,120919.28574732668
2452,309426.67653586576
228,174372.62950847833
126,179747.5504888203
1092,278775.7055245824
1122,220803.18288709037
932,214304.8686730112
1980,84880.80173580954
2171,124219.42917620065
551,150619.80091021443
2768,164563.75782634178
2056,111487.29609328532
1159,363833.50751808845
2645,113436.40286151157
1174,186579.0799721703
2266,215391.3312498259
2462,321807.48874718836
1219,138426.02925318596
2922,182198.7581723812
118,148295.95186024578
474,187613.04098713398
2576,163830.31499786163
872,266008.86314172996
1077,279337.4885877094
1536,155988.91803327855
1150,140853.33526423154
2341,315164.5539252488
1931,130301.24574413197
2785,128635.79667887371
2538,126106.91607525642
597,201265.50380879547
464,223410.62619921518
233,217528.54613878182
2169,120921.52459889604
2123,161978.31916033104
1867,161962.76684141904
137,249752.40492399293
515,242173.5542889908
933,128040.99126764107
2784,164531.61282862676
972,170336.07040614216
599,159315.60587474727
2614,123063.46335122548
2582,137624.52501103957
1409,156288.97942752903
175,60381.934938211925
352,268251.24543365045
976,76863.09354114765
2134,197429.88710217364
984,117157.00453790464
2396,351846.2049647351
1673,160650.7165504743
404,110496.94830641942
607,152948.5610384047
814,160776.68913363758
868,193664.62342144526
2271,189419.63659071526
1633,262003.57603390794
337,185367.62100849417
2765,176628.37544679013
1746,234886.4040627461
368,357392.2099506126
2806,194436.59180051181
1662,175126.15146696428
1234,195806.76505469135
1373,151196.1489636877
1672,97359.74487772351
1939,124853.52008643607
