Id,SalePrice
2658,134070.55361788487
2718,179174.87529413775
2414,226319.03358542384
1989,108011.79873281857
625,176514.03610280412
333,81318.46113243653
1327,105503.79342315742
858,146239.0841300285
95,192817.56703718426
1568,177781.59969889186
2482,158172.8676107591
1364,128382.40510496171
2584,171770.3238401336
818,275423.1492995091
2673,167365.0829979726
2089,172858.75752740214
1297,146264.51929425332
790,125693.91533381958
2616,212100.98239334067
720,194454.57286437182
222,151083.69916172698
557,110454.86241399194
1148,193951.2212556149
2766,162354.82670444227
534,191250.52779831528
1452,122283.22523153736
630,149603.5959638455
2648,128794.91406791471
125,139545.2475459217
1904,35666.22428281186
1670,92327.85624444834
756,79755.25407188898
717,213431.39617875405
1032,152030.54044030607
852,212113.5558826176
1731,211264.2579540948
2639,117126.39877114608
2071,81867.48676890973
1267,119856.66859407676
1851,197545.8347253478
567,176935.4135491657
2439,216729.4601511606
1898,139581.66224947548
647,187381.20435905783
2256,212600.72122946288
979,115607.9787058814
1444,214322.26191371353
2485,121293.4535044739
157,115399.374351779
88,113027.48669587635
2003,102827.13422951661
186,203408.33400288736
1425,243412.88507889118
2695,119302.90500086546
738,93324.53316961182
395,148550.22874842864
1353,171948.33772453223
1878,167879.02510375925
390,177171.89161917707
1456,219020.40396668343
1103,307879.9967887043
1387,115210.52925457736
2070,155078.3914229325
1199,179397.0293063135
2479,167084.2220724863
501,329697.7004258649
2362,92470.2449348718
1718,234666.4484557826
2188,66097.48114071437
1483,152017.89785265038
2557,74022.03780738637
437,342532.76581755374
2224,208901.2833955679
1628,195386.53066749102
397,121063.72213823628
587,196687.19576735422
971,202236.8084603406
2611,151747.24136282713
1887,106039.86791674257
2399,335506.36889256095
2148,212076.87214548
304,118372.05131417233
1997,121130.82800437091
2817,107250.0047575687
1431,186409.7027826584
427,348373.14533005515
263,107681.680417547
598,179132.45273598563
2895,259575.68231628742
687,159606.59914034978
1822,126476.07155143283
2191,104839.6788203679
179,137769.1672701526
1009,268086.2351385206
2010,110919.85739176255
1991,138838.1514776477
1411,164870.56951307436
1721,283382.2015276344
1144,175126.72349259094
593,208937.79563287366
575,251250.43222211627
1249,195065.83500744216
1604,128486.61485468084
1064,400703.99611089216
1923,167772.5556724961
1988,104020.02690298413
2325,177632.49806887936
114,199157.21453937935
2700,185174.48742277455
217,138810.19838663982
343,182742.7883612276
386,231898.22997242166
2005,130836.66481596255
2908,157142.91915952624
1814,227371.2403604535
2446,434424.3288124758
208,148888.71229087422
1679,104599.99877701467
822,270384.25305353897
6,195470.24268303253
1781,330442.47294639144
2397,318649.07658606325
2340,332701.93766621733
1618,172722.33757777978
2843,124302.38620422874
1061,335033.782420767
2786,124399.78973788233
1935,122752.03596651414
1341,116624.97204758553
521,261638.5456633498
2136,134288.61250947625
996,199675.36635351647
227,151979.96030790685
135,171716.4718406906
1167,160544.02475417661
294,220498.3231460189
1776,218379.51081845537
540,191873.6700669541
1717,254137.80274991156
2303,125223.7012122469
116,189316.35416415334
127,145966.74879509746
1371,135628.1470676125
1014,205620.20147103118
1507,119795.22825192614
702,143101.01509558363
750,140291.02287494158
261,150096.13822641573
1559,66261.5230450749
577,210278.1057511135
2812,202165.627820055
2080,158858.61998311663
1368,135411.1314204852
2376,122904.26587945456
659,114494.37612142577
1235,127219.93881527567
332,80312.84291524859
1917,136737.16730159195
2094,225343.3346466648
1460,247656.04197116802
1471,196652.0296202246
1509,122862.27557029249
1922,135266.26724032965
433,419260.968045034
460,310417.2151874448
1116,239130.86757723056
1137,167947.65312189003
53,179617.55706484057
2354,258152.80277856253
1475,198453.2856855404
1761,466888.65457838774
842,134079.73057242227
2739,172412.6793392934
2509,166788.84365105582
1007,219825.115027769
2610,177311.35978997126
1952,79076.459603386
2719,170343.3361258451
2921,80145.68095248239
1966,135874.79221399082
292,143797.22053192393
1204,195958.95092211035
1829,248813.60227229237
2419,210276.12884978903
391,175344.27259135572
798,124436.58573279064
481,198487.87405701843
193,200675.42331742565
555,126860.73487632116
899,59560.299923574086
2357,187795.29287998797
328,115949.78667983925
1356,123032.51971683232
1154,113948.23921021027
1730,199702.9509717417
2249,144646.3564557971
1119,270297.3562065603
2856,142371.48305332754
1394,153218.5367475669
2587,116827.09409854678
61,334814.7617964179
2661,188967.94441432878
2711,132410.94968713867
1147,178274.832589061
757,136404.7036743355
2623,90611.16787758702
2378,151940.326347613
1413,147859.71623891965
1722,275822.87226552004
1112,208460.5127758896
1623,197413.47851952957
1201,187434.55794972833
1513,111197.64998786873
957,423576.1278922651
1171,250164.79645049828
1145,193827.0287431269
2726,228865.0838226797
703,168938.571675414
760,84039.26661991538
1964,135993.93369470537
2512,186966.27850210923
159,149770.21583252028
1281,179830.45018832805
468,188171.79058095347
290,121032.34849035111
665,87007.39709688467
1463,249166.14806900686
1792,216593.37342323572
923,146746.85921048047
500,287357.96652535023
1408,180140.84814519784
331,68368.62457926618
170,142312.61636836082
2192,86382.3937672542
2571,277820.29814252746
2314,185975.22692286875
2647,85127.23916750168
422,389293.05569353304
2457,307637.9188439001
1838,222559.81352109462
2805,261600.90301560122
1645,171540.7720844273
1711,323911.3551573348
2825,243246.65079991892
322,298315.930508496
2103,266978.55302497745
342,125126.08536616899
600,96817.81084352569
488,198099.67581230868
1725,357244.3438654016
2246,264338.06254472234
2847,181117.08456996828
806,241389.79030854348
530,228257.57504563918
963,178361.6447647391
2678,58658.725801124936
171,93154.03486436629
2401,402535.286839908
805,223333.7191283747
2259,249290.74540529004
1748,196384.12260861788
1361,137452.9332674872
1677,126768.20886958786
1406,166149.86615151353
2322,254520.6228627991
688,159101.44631583313
143,133214.33960757172
804,210707.3126630308
1214,154431.26774874376
2828,171019.40805824986
1999,195450.28611070127
2467,209402.19793020538
2665,168366.96472804667
1538,310609.8639955758
398,95173.04144295934
2822,133222.79695332842
2157,141465.12206804776
1856,176660.89370190725
1269,118385.36579784821
2570,114903.32354523451
2320,232902.32808191376
1517,129595.2200805312
2304,131753.34372518677
1312,101118.47161155171
2012,127879.02122817119
506,276898.78691025055
2865,190706.80965714995
2367,112781.63410493731
554,100076.02507369686
238,117922.50690136524
1954,106941.58714818535
2488,157949.4516416199
2291,82791.76195162535
1969,104271.3045778852
2725,165176.41173669463
1482,152017.89785265038
2763,197945.0689346951
503,271578.8423616069
1584,246652.38101693173
1531,166010.00728155952
2210,150241.488015875
459,359676.65132784634
556,120283.76493759733
1347,124959.48979046987
1290,74462.39676134451
1388,110571.35582981585
1571,330576.97143337224
2754,221652.71065327944
765,134895.69908621092
2494,121067.49921440915
2870,196965.76693190262
7,261556.3533248587
1114,222665.48689125897
2418,279967.32021323196
291,144399.61323212832
18,367696.98378415266
39,365115.4580040213
1001,296638.16978432355
2442,235273.20358502446
616,123875.71307883156
2680,64926.99221645063
1414,109677.0126291432
289,131473.74548245547
40,299587.4724235842
860,125866.51389352698
409,131155.5365376221
673,155188.6517003905
2427,196377.98658816447
2036,214491.8672710494
2564,157267.20139054605
642,174695.1621538389
1008,174722.4706477197
1908,136245.76501157298
2519,219228.889085731
1369,92188.46943056397
2855,170133.05197268934
712,85779.35463059787
1943,121956.97346627293
1958,141296.87093188195
107,173515.72965926863
2295,232455.50561265135
704,101820.27038281411
676,128797.83466892573
259,173746.25650321762
93,296582.7398295603
106,239644.4981810432
2315,196727.09676545975
1050,107366.51612638542
1095,207174.86023439257
2709,153251.94829683285
758,165848.98956973106
1496,172636.67715314636
2370,122473.59461793536
2458,281967.1446484376
2733,126534.61574823293
161,262720.3831030398
726,143530.88164487854
845,197472.22894144477
947,243768.42496170616
2232,119619.59770633793
2563,162482.95689251646
2299,138974.31534407078
211,100619.90920711868
605,155063.94255613326
1478,205179.32416018238
2247,245746.62168183015
2274,205785.1814298255
2869,167285.42318172683
967,217985.82423651335
2656,95314.17746686563
667,192156.11957021314
1042,120694.771021761
2023,161120.81307298644
2447,348542.86682146764
2055,125958.96658492833
2275,272869.1675703451
2204,174656.9368101561
1563,244560.37929579732
483,253295.31979181827
796,120465.46631953935
1526,148850.50985956937
2042,178007.54010004946
442,340054.9839903852
1693,350166.1101000854
1468,214530.39096058835
1430,183935.2731468738
2605,175748.53200391587
1529,194133.91289547738
335,147428.41439845413
1287,127240.91314238845
31,96887.37425082712
1785,261494.1688744519
82,164505.51476599183
2620,113911.95619549509
252,191590.11688281153
721,74802.80226506805
2165,203519.60668779723
2316,183346.3125022545
775,130063.16036934871
1558,69098.81268641492
17,223247.22455346026
1022,236908.06303881574
925,125267.46006439673
438,301166.9960807462
1270,148529.81108210445
1272,111504.23318559024
215,130427.64166207309
266,219831.46478286805
2402,291478.59814578993
1250,101993.37972351094
1984,112692.2009162968
1279,132852.48145135818
377,251899.87374881515
1252,169987.46556267398
2156,241653.73086252855
499,330598.85419780295
1374,126940.48955000169
2898,227455.3856844711
401,97855.69514085725
2721,178837.44993154868
2078,255227.07496971753
2589,114790.93967920635
1946,215228.1181299989
1334,127339.51129754353
2781,231786.83325237525
431,377512.4100062377
576,209391.49161668727
1474,194600.2003814322
2254,157102.1087279087
2155,277984.3621188153
885,111675.40109479614
643,142472.8403748381
1944,115594.27677066298
480,212565.63259049202
2845,98373.65625834721
2387,337800.6836886166
2407,278103.1021185436
2527,153545.4146030445
2514,164819.47803431773
629,191220.91141324397
80,209344.14140779758
1876,140073.87222164962
1546,128707.60668473179
2518,168664.4465891614
2347,161823.61888349405
783,185260.47880585422
1322,36468.62149278959
194,58197.080705693224
1770,293940.7986257069
2143,120565.03807205474
1229,214282.2564042951
511,242688.66497750767
46,280662.71778612025
1348,176555.43911807053
2465,207762.81363455695
387,233472.19707095693
873,202843.68470649747
1918,109356.34168703109
2764,232873.97351573082
2184,121527.56152679212
934,142993.25476169726
1920,121511.68222592142
2631,153539.0331218117
1768,458115.09139249567
2040,94790.11987967463
1749,223099.81782565545
834,219707.6413298184
1457,232025.35585349659
79,132745.2859727086
2302,114125.08222358325
1817,124290.98389985505
2755,236569.78691188898
359,174339.4303502671
2059,110996.98268523416
2092,225204.36309695966
2516,234564.09392936295
150,112369.04587488412
1656,132518.31971800816
83,98469.1439962762
2411,205994.28797595203
795,87268.43182930723
2312,229247.0463028003
2917,81843.93814201909
1624,180252.70158366393
2215,295382.3337028166
1211,158864.2458007112
1485,151247.81005446846
1024,176212.17328988737
570,185258.31879732548
2874,137389.24777819496
700,144861.26218078285
2756,233759.73233446246
2022,172185.04272664897
583,225989.65714417328
2392,366474.8712696517
2424,210391.66374147218
212,112883.90268431068
736,127279.95364962122
1610,178227.6700371711
890,109558.48766423529
467,184041.149251336
578,247886.36532373307
1747,191015.54666819866
1149,158737.140368297
2758,250555.249649317
857,121741.14878150844
2219,274889.17426091013
733,119435.72062614607
2909,129837.16250600992
1798,243116.3681585167
235,119398.41600076738
2366,123770.12631320138
1027,122528.85385588091
1195,137934.9703968442
1303,9519.10747352289
148,182201.67785891844
608,153870.06403448735
2515,221249.1467887326
821,245337.75440703263
2500,311451.98939713556
745,106848.58240815322
741,119954.85976663395
1611,185757.0211386003
2532,118637.66103899223
1081,206857.33457997488
1692,392227.03152216296
2520,188111.94394146418
276,155789.34789151512
1992,123452.46773083927
663,25440.526699399576
418,141121.1447364746
1733,211509.5104480004
2359,147456.81452636933
253,186408.95333449193
1518,181942.79002026748
2035,141009.59858826594
2919,80538.25895111333
1540,226448.48537905142
2120,142585.08134957473
1674,184000.5922425813
256,135530.12880402943
2361,90371.77146377368
978,64547.365143944975
2280,148240.5879739006
2095,211355.49346766854
1709,319274.8872931856
2801,231447.7509812559
1246,102074.2823986779
2373,120059.78083620802
1055,316089.4795603994
2017,101565.22874833574
1099,300144.3737180531
1344,92120.357611818
835,189937.6862118384
1117,224638.88561402867
2043,95114.355116633
2085,119485.19454536121
410,156301.27394813602
2650,105580.55471850722
2867,176898.76251516584
1668,116645.63352148584
1161,172748.61613303586
2122,166283.22111992282
2539,128497.34841799783
1047,134916.32074114517
1445,136734.25891347416
541,149846.47395617422
569,230765.00585791306
1276,113509.44238670729
918,151103.7643739304
326,174200.85931190941
1936,122870.81459034677
895,82889.0204773529
257,137285.3758290601
1241,189345.6005662959
1545,121626.93587543955
1189,160726.72373483074
270,142464.45765970857
2066,210119.1340977326
693,110914.26152079599
1259,132797.34097430296
2916,160337.09451534087
2321,274816.703402431
1977,102285.75151622668
1895,166201.36616296228
1240,164017.72401563823
85,139974.61311696004
1823,104866.78162609553
825,284004.6622816031
110,217108.8903560317
697,121945.87500728667
2297,104964.69478924735
1231,119459.47645208752
1355,130706.62866777694
968,290220.9962560041
584,231783.26299846638
1315,129467.2946877554
1606,120195.06432072935
206,94345.73168950668
1685,355132.7342745159
2016,136541.4177288441
869,211349.1215326907
2135,116649.93514614669
2346,187036.6206098199
2430,243291.49142028578
2198,84127.21245858143
2652,109281.9173903456
27,97152.4465857977
241,172756.1901648743
906,131059.12693923619
1506,122364.90456255362
2098,313302.5174447305
1435,212513.0550854872
2213,139501.59019635315
1274,130348.28404943645
743,35530.6804180427
1737,217899.9818579515
2797,254302.8423448715
2185,93912.67025280092
58,196749.57027986576
830,187855.82258554432
808,146734.190362209
680,142000.97767316503
1153,101579.05475427862
1291,135067.46420801943
1818,194364.22828070587
2161,207436.4209249525
1883,118566.82334698783
350,353212.0129764122
2473,188384.21023670677
295,167481.73085153336
293,215812.0573879378
859,126989.04907861259
288,49476.35065210913
1578,150677.47952954052
102,160760.99719760614
2831,169548.45335033932
1030,171148.56634038454
2551,138677.1883789478
1286,140426.3102892586
958,278521.45475378074
776,129060.72881371481
72,194624.6000228047
2263,260128.8830149481
1866,148227.64150397596
2876,59615.99445207091
2146,254464.38933590474
103,184340.55513589736
1500,150985.03954101517
492,203237.7753779972
167,122146.48014663602
2597,108434.7888639667
2685,104557.83628920605
1035,140097.13833161187
1220,63753.216653543524
2602,139783.1141242392
2159,215140.84069448547
695,134054.2382602014
1109,288986.48072415404
640,169756.81081316015
1652,149724.85169003205
2090,196808.5043640097
1188,186422.04943434335
2345,236747.4968550629
1059,375441.4387961135
2751,236620.3416659187
128,214073.40458487812
1523,174151.94469702314
2925,166372.9304657667
2145,250506.76976260613
1121,237742.04346790048
566,261306.06041186652
565,266934.04282951495
1331,140293.60495494725
2928,132993.11656870483
156,127547.97737324983
797,163842.86143816798
327,85920.78275903407
2859,161727.80368069722
1453,107174.74300978682
1762,344426.9830534328
1868,220151.55992225208
1760,200861.54102950916
1113,243402.3701384326
1812,189489.02617989015
117,157936.1149869403
1142,203191.842505601
2342,378421.46887646406
927,124103.59571356582
2478,190235.89405191317
655,61331.70709254686
2064,111938.94223917369
369,299017.75561458385
2239,120724.37143181986
2732,200383.80584185524
1653,156615.95885964436
959,230618.88935873983
2395,350524.27701033745
1412,109906.11750936927
271,257279.3740916876
1484,152028.5696064639
1497,136066.94281464303
552,187688.33128368622
2,112085.6528512775
1855,253484.00865360815
4,245098.0433418448
2292,172121.54950395995
134,137463.04309390392
646,101945.90094767604
42,327759.40400603786
532,202490.1622701271
713,117493.96577970218
2561,118041.96673770435
2360,127344.3595431291
1333,114779.78648110433
1407,238546.45321948314
2892,283532.1893732294
574,209499.19237521756
1227,198325.40437306324
2591,255585.51885527791
1476,200159.56189350225
1125,253074.55211708392
1446,119767.53989001061
408,109941.47555822833
1101,301100.34892016347
2251,174271.65683262632
373,204665.59830244258
2554,134116.62293000962
2382,291370.6028045071
1985,63951.91150583862
519,231954.62182386452
1093,194680.38791413466
864,257009.91272928822
2889,138352.15260949312
2308,170595.35779979313
986,149286.66311124596
1302,126147.8108731953
585,168918.41827547085
2708,161355.53108642367
147,138988.25988850486
1441,220756.75914676394
383,176485.7712677198
285,178605.43825885933
181,106948.28190026339
358,180283.0745148016
780,201919.84467905317
258,205181.41841543885
1865,205812.43104955903
692,128184.49261578126
2902,312491.801544636
508,239784.0993689394
2638,129565.22808973398
36,152679.5001873742
611,175234.08077604207
2281,116434.77462317259
1678,123317.01053574379
1696,408158.13989005005
1557,85580.36026582075
2180,147348.9638452041
1726,297089.74222435826
951,150264.57981653744
267,228569.55742671178
2706,134856.89560049446
2221,229915.0459249823
1357,163112.32253664103
2901,292970.19477232546
347,200329.45798069495
2164,186063.67296172236
1586,283875.15130680404
360,166213.91651272122
1769,270057.41393251135
2617,196605.68356236978
1879,158834.352715126
991,222595.38931574044
1535,121110.41877294471
1191,146628.54277268797
1579,218924.9877873885
1882,155359.64616411086
1510,114428.17517886427
2196,187236.32364677964
1845,170377.72835422237
2336,399438.52938606427
942,88604.3218495287
861,115062.48597296327
2555,91861.9309815343
1392,162813.779303418
2099,263298.15116058337
1543,131923.60960835125
948,249490.73406299972
1239,148606.0303400727
22,182297.79031761293
2796,210092.1681504757
2747,171893.0731696342
92,299772.3216169812
210,176327.92572197714
1858,218181.8854069549
2228,173901.41877767257
447,277866.47110161814
827,221254.57434481592
1649,221534.19915207778
682,142288.61587492935
2698,111618.07603765628
494,191828.7136542853
214,100943.99912153766
2441,257745.87717847433
2679,86834.31183899194
1336,114571.9179757405
465,196595.39151582448
1524,127680.25772187812
2543,102915.62867078022
631,122527.16597683472
2452,310004.43059573136
228,178376.26429168927
126,180477.51812848798
1092,280327.55644166935
1122,216137.6008968735
932,213519.3544310555
1980,82595.27751270914
2171,109931.38765856577
551,153968.70882022055
2768,165182.27645824407
2056,110015.93358597928
1159,358448.4291608839
2645,104027.34279850335
1174,172959.10166148888
2266,210685.0895120625
2462,323805.48665028857
1219,141106.95455606165
2922,182197.00917891227
118,145117.74318021303
474,188133.23990801955
2576,164985.31707954616
872,267324.5133404657
1077,278937.47429217864
1536,155342.53567488492
1150,142869.06939331302
2341,327742.72014178126
1931,126811.81622901652
2785,126984.81549828802
2538,125561.67018110049
597,204463.87893999135
464,225082.91814283957
233,213806.81307569146
2169,131313.28952983906
2123,165967.28557206877
1867,159320.82566536963
137,250913.4754896015
515,239749.24832067546
933,133444.04626026866
2784,164420.52663471038
972,169723.11917853262
599,158463.81813385338
2614,122244.6260600402
2582,139125.60209804168
1409,165798.83028631285
175,61221.481251311954
352,279058.5049027996
976,74147.37049647258
2134,198895.32744232588
984,115912.9519036687
2396,354107.10829269653
1673,155012.891799849
404,112604.85011442564
607,154095.47004148015
814,156656.4228973093
868,195517.82482842077
2271,190445.2521036109
1633,275604.67677146336
337,182738.00771347247
2765,178397.31152593018
1746,236273.66837900365
368,368874.9293415253
2806,193822.04438357335
1662,177253.15437325463
1234,196986.72216093028
1373,149683.2177702831
1672,95532.9389282139
1939,124475.57528843312
