Id,SalePrice
2658,119952.11781679699
2718,164553.53689209613
2414,233957.27423210244
1989,105973.04929167044
625,175796.37571222777
333,96887.33073250145
1327,103586.46545274639
858,139038.91894473232
95,178794.05440467608
1568,156972.83444112193
2482,159061.37256773064
1364,126485.84529270824
2584,153700.46458253358
818,305951.24846323853
2673,140728.6397607269
2089,144415.39410713248
1297,146710.66273745714
790,120856.98237286237
2616,189063.85999430416
720,181212.4181430289
222,156293.45013025796
557,131418.57630439
1148,191459.5884849009
2766,169194.21549135286
534,172835.9145812216
1452,119564.21562188707
630,148495.68165315792
2648,117198.92495336723
125,166200.7802163665
1904,66869.66318729405
1670,105282.86065217076
756,98002.00264309134
717,182270.43061565253
1032,153591.60664008392
852,205573.13748404122
1731,179573.3219370848
2639,99233.55122586804
2071,85957.68886076585
1267,132574.25245194626
1851,181313.4365155564
567,165920.5287397792
2439,214260.74916250486
1898,150703.8709356546
647,154798.734832206
2256,217652.7378158108
979,103464.2244105447
1444,224974.80786036345
2485,123840.35638377651
157,128104.77875455028
88,122792.7215695215
2003,109462.51575142138
186,184886.75708852094
1425,249970.83596128196
2695,126192.58857968269
738,106760.91205066079
395,154623.43337794184
1353,155894.8175778499
1878,144297.6074485397
390,163773.95414701366
1456,240013.4170902899
1103,314840.24126191007
1387,128586.65469098165
2070,148813.93228440767
1199,162499.9581927284
2479,170610.51318341558
501,322588.25695248647
2362,97765.17681853886
1718,208228.96436621874
2188,100241.37559810624
1483,160915.0163580965
2557,109372.67700923959
437,353740.4063786556
2224,177017.49661769607
1628,187716.09149809554
397,133322.11624254187
587,189492.48494665598
971,153942.42998843873
2611,140475.30867682718
1887,105921.32764698514
2399,362162.1832588994
2148,201962.89933027056
304,117244.4909476426
1997,132519.4113467713
2817,137874.3829426797
1431,201377.1085723959
427,319485.6727318609
263,125900.16319075141
598,172243.1686349411
2895,211876.85872990525
687,139662.02512997304
1822,138764.42580484724
2191,107575.66982484965
179,116303.84261786827
1009,240027.25494772
2010,122090.03847079526
1991,132691.85366719327
1411,156145.98598054878
1721,243602.68131423733
1144,186614.89615076612
593,213934.55963192313
575,282976.930116176
1249,168668.95266382728
1604,123665.76300700383
1064,464414.0478588199
1923,155383.42040709552
1988,104762.50289478597
2325,176129.1085315022
114,190775.11311707986
2700,164370.2605101681
217,122323.1485996977
343,175711.74623301032
386,224565.02107646086
2005,120723.31174534516
2908,125092.6461424865
1814,239359.70107805915
2446,536877.0446625656
208,140831.61527739468
1679,114674.95567036663
822,316346.23243156035
6,197974.8556117223
1781,374070.8373541133
2397,279857.5675803656
2340,323740.7807493027
1618,168412.67936698554
2843,117915.35137643167
1061,362396.47195637494
2786,127161.47408320327
1935,138013.23416553135
1341,122870.1481083097
521,272374.28828752297
2136,142023.0246465655
996,205204.5572735244
227,149195.86315207393
135,183338.0833231311
1167,160533.09612437984
294,207717.837698323
1776,188605.94254488443
540,170221.57564098865
1717,214793.26049785322
2303,122055.50183647285
116,177393.3601999426
127,143581.20770209527
1371,133010.61836370127
1014,169523.67950716577
1507,110740.00888013438
702,126948.69490850341
750,142240.2613209687
261,146461.87120804822
1559,94850.24589872592
577,187294.07677943466
2812,195351.61484873734
2080,151446.3664174824
1368,109225.918886642
2376,132600.95424963985
659,114507.0048822432
1235,128969.43302941369
332,93069.53451698997
1917,139626.3026447279
2094,248044.14025600723
1460,231146.4741561841
1471,212999.41788474788
1509,127482.5208730803
1922,126540.17556458245
433,511569.3010095482
460,262316.3079519427
1116,231539.27928887788
1137,165857.18586931765
53,182027.8794327284
2354,242420.92893296867
1475,190295.0125700593
1761,644876.3578107503
842,136988.87861174947
2739,174540.32595084098
2509,162292.0439617901
1007,210299.92111621972
2610,173271.15000461266
1952,100756.34564781212
2719,161346.08575599542
2921,93821.45659684757
1966,133962.3675741542
292,126008.00520275024
1204,194014.2723712207
1829,257723.19284536917
2419,194684.466714049
391,156266.89438028596
798,112048.69160961415
481,217813.27728780164
193,171208.0114060947
555,129502.9958585549
899,78486.44161801387
2357,178703.7004251449
328,132558.84881313148
1356,125307.02153388974
1154,112518.80223847763
1730,191263.78825433148
2249,161593.32114526053
1119,287233.1839229309
2856,140990.2389231821
1394,126075.79216538019
2587,120997.80558471961
61,301147.8296093541
2661,162195.63776987392
2711,130224.18854444948
1147,183173.74186096143
757,140205.15232188857
2623,97279.74673959037
2378,152846.39797100113
1413,131880.56856190585
1722,238121.8162364773
1112,213006.59514045384
1623,192356.42931910342
1201,180608.28400870188
1513,113014.11950350786
957,397992.35136439727
1171,264361.2895849805
1145,190361.33886812133
2726,208850.00822817622
703,136586.6564436438
760,95281.13515438129
1964,146067.95272833787
2512,187802.38734241872
159,147430.2438837469
1281,166318.53838901868
468,189956.3596497316
290,133955.06397882296
665,92943.37317994087
1463,253638.58519069187
1792,209519.14590447853
923,134595.36272507376
500,256458.02284350482
1408,169933.54941631082
331,93231.91167685718
170,128283.52955456566
2192,103593.83999412389
2571,297304.46675264306
2314,174243.22804054234
2647,89027.86943917937
422,414261.10094126
2457,317397.6455608278
1838,198528.4930815386
2805,258565.27962346826
1645,159456.6129152691
1711,293228.77951560746
2825,224990.71333859832
322,326661.6062366871
2103,261052.60941493177
342,123029.41661754051
600,121204.77089061984
488,183345.9199276521
1725,305469.7215502375
2246,251985.54449262263
2847,164630.05638911578
806,239457.34070316242
530,214105.6943565345
963,187791.81215464912
2678,99440.48804195783
171,91974.88789788379
2401,416053.2050245217
805,226913.71297195772
2259,210475.80460934315
1748,201206.2148019111
1361,121828.74580229957
1677,116915.5767328641
1406,159763.24785995565
2322,234346.53582682193
688,146393.08558252107
143,129662.21910039913
804,212315.01611024103
1214,160515.38677522892
2828,147053.755549242
1999,183355.3992380918
2467,190211.2507802075
2665,149553.44864213784
1538,330633.28069228615
398,113787.69365754607
2822,130966.95387959467
2157,148195.29776710295
1856,182149.91118256454
1269,115535.58294271959
2570,116228.75881587635
2320,240644.2272977237
1517,109369.51015910946
2304,112721.40330304693
1312,103539.11679133817
2012,133144.9888811554
506,239882.21689478343
2865,181145.6542756134
2367,108966.59430361481
554,93329.14182068082
238,130191.12644678348
1954,116743.40546723566
2488,135994.3656139639
2291,102222.76208031077
1969,109043.3173794214
2725,158951.7714527416
1482,157683.73305551245
2763,196247.9574211575
503,251310.52351951212
1584,252633.2091988796
1531,155451.47662852865
2210,135502.02563722924
459,330441.04990501783
556,122192.58004392001
1347,126993.72368851931
1290,93793.69612811005
1388,107085.14991574644
1571,297261.76028135547
2754,209953.53490978715
765,140392.41082644957
2494,120182.52054143946
2870,191217.17510777086
7,231195.08686660216
1114,236992.96283985805
2418,280046.70827752445
291,126473.9210534698
18,354717.31542536285
39,379482.682601356
1001,259655.12481706397
2442,216287.2515972329
616,128930.72745022654
2680,66483.59140954218
1414,128739.52232966557
289,139876.88712694525
40,249479.14771384318
860,127940.58659231898
409,136650.43941310493
673,141736.54400171776
2427,191708.03272749725
2036,185341.62838140348
2564,144723.28665091068
642,158633.4146665384
1008,182305.49520177345
1908,144120.17721062218
2519,214201.39094179234
1369,97768.6114680982
2855,163060.47507265728
712,100195.71036522838
1943,114487.48633716414
1958,131172.0654128675
107,177654.0885025355
2295,181389.86622715046
704,85335.3324550017
676,129880.37089086295
259,177096.82667059472
93,295785.0694372348
106,242412.67262719575
2315,171678.42873195955
1050,114093.08111731666
1095,229219.9803988147
2709,145575.4943306269
758,116206.8639576016
1496,160264.68482151537
2370,119503.54107069458
2458,277124.5259450154
2733,136906.60112957555
161,248906.7289534921
726,157475.53806294358
845,208548.97127091157
947,235504.8108869254
2232,93575.38196314665
2563,146141.71695879183
2299,111487.53443189591
211,95874.51898906159
605,159624.63257699722
1478,202154.72611206965
2247,245496.45731525106
2274,188620.88820260612
2869,183903.15630933724
967,207512.80985338296
2656,110410.57290240211
667,190586.95398088454
1042,114973.53319271537
2023,146827.24429431747
2447,386089.11933457403
2055,136246.0383517208
2275,291204.37276096566
2204,170880.4540235016
1563,245983.06106995343
483,226450.53822123355
796,137818.4223034772
1526,151968.1791571144
2042,126108.49387836627
442,339015.8563228285
1693,318098.61924853106
1468,221877.87601972817
1430,192259.17460970173
2605,143306.7469019836
1529,188985.73628257107
335,118819.50557065001
1287,125329.611923244
31,103516.98640181747
1785,269324.33861186804
82,155593.1126259585
2620,124160.78950958404
252,188851.52449803503
721,91982.13402619452
2165,187029.79601055454
2316,192812.66385143733
775,137199.99773140828
1558,108260.18993435032
17,205142.004648051
1022,206955.30962291718
925,132998.38276657087
438,279052.77807567915
1270,133166.26726332525
1272,116031.62830999464
215,143849.0843592375
266,223848.35261659214
2402,280527.48227372917
1250,123289.46691723616
1984,109622.36391543761
1279,137935.60562315347
377,221900.56788218935
1252,142432.95347758228
2156,252950.30404058564
499,321510.7845454356
1374,133704.63121031597
2898,214238.78018440653
401,112411.62608818375
2721,175036.45995937983
2078,233761.59072273978
2589,126386.6415951358
1946,215643.2995888546
1334,127344.25375873059
2781,222374.5128129147
431,396858.4833404257
576,207351.3960201158
1474,205690.31429231702
2254,141026.0613143656
2155,296145.56056778465
885,114336.69365172656
643,138682.5158490811
1944,125539.61785125927
480,210230.50272171118
2845,96290.3999683088
2387,321369.70077110664
2407,222148.22974978673
2527,159574.48875402918
2514,168000.68959921013
629,170342.61981860804
80,201990.34188446702
1876,140583.1948583288
1546,121443.50959999303
2518,162156.36087130624
2347,163148.57210823914
783,204933.8140664117
1322,69080.09083629405
194,76774.6188273968
1770,287189.9560232974
2143,139894.27432612138
1229,210766.8159317181
511,273104.53472664894
46,245705.35682911891
1348,158267.0532967612
2465,189382.85574088132
387,231825.27121370006
873,219728.14798955494
1918,125987.92758418809
2764,250367.08247913275
2184,132250.8792806055
934,146013.90414516878
1920,128515.77290316702
2631,144646.2608096691
1768,588693.0077513311
2040,117580.9649300059
1749,218986.23002935993
834,235310.4987073845
1457,223536.24641974122
79,125479.10626661337
2302,121056.79297160977
1817,145751.21146504913
2755,229643.35963376123
359,188178.89917079388
2059,117262.38681948105
2092,237439.78602351795
2516,218247.6295833173
150,110763.96384118362
1656,145855.24080399727
83,96319.62211371199
2411,190200.9671935257
795,83294.94874871969
2312,211673.88949727497
2917,108105.35457513094
1624,177821.17565834656
2215,264798.52734462114
1211,148607.06380384404
1485,166533.06681146382
1024,172730.2582523552
570,190713.9759096932
2874,132651.84543813177
700,127143.83065182327
2756,204130.09909851977
2022,158308.6136965606
583,221369.5088681675
2392,379463.11747047404
2424,184622.25441694199
212,96214.26177088804
736,118664.35459145643
1610,178704.4445760025
890,116700.52729923677
467,192283.65752381558
578,219700.28446247705
1747,200854.38421143766
1149,162239.83951551587
2758,237015.74913053878
857,134960.06329421626
2219,251521.4936300027
733,99221.94401991641
2909,114344.39770245946
1798,258744.47293108387
235,135095.47034934166
2366,133378.50345509106
1027,129315.25332934535
1195,139899.20425218827
1303,62275.152453600764
148,174660.60600416505
608,153832.88694779412
2515,189154.5957171626
821,274495.75547658995
2500,274395.63167894713
745,110969.90645176716
741,115915.79801474241
1611,142797.3166468612
2532,131370.1067269353
1081,236253.79924283878
1692,435717.5097444539
2520,189948.98714227497
276,105482.36980974297
1992,116687.0021228208
663,68721.40599372174
418,127903.08745478782
1733,204466.5093490264
2359,142650.1360897557
253,179667.1846279579
1518,175372.37871494654
2035,123243.79041332653
2919,88867.63834083847
1540,233613.32720662304
2120,136801.99292491726
1674,179319.9441559778
256,150896.56530599375
2361,106420.00247791164
978,97443.1737326644
2280,144330.34060661172
2095,213504.04385210117
1709,329909.40470586234
2801,242042.82841362632
1246,120955.12808491588
2373,115098.41887344132
1055,276606.5690426395
2017,122062.17062377495
1099,258022.79353874893
1344,84826.5720426612
835,175341.28022070168
1117,200701.69260152194
2043,92852.95925919183
2085,125435.33752470909
410,150892.71042749245
2650,112269.24398152318
2867,171755.255396496
1668,114687.51107777636
1161,170308.57585632618
2122,175294.29994440312
2539,139002.13656437732
1047,134161.3079269687
1445,129781.807210704
541,127968.68166596725
569,208717.63336538384
1276,126661.2673605347
918,153351.21667464185
326,166049.2300814563
1936,127250.97474585935
895,99791.09245717185
257,144465.03121403366
1241,176788.92086171967
1545,109015.16632458915
1189,166769.29054206336
270,151441.75711456846
2066,200826.71795227783
693,120201.09258142558
1259,141854.07289549612
2916,151915.04305207948
2321,289658.33447246236
1977,93423.27069744587
1895,144875.51259784953
1240,161576.36884938244
85,152916.16353261878
1823,121894.99017046155
825,289338.4978308529
110,220647.26707450856
697,115738.10334685209
2297,108631.60547100983
1231,133514.520198074
1355,127355.05670671612
968,325226.55122728716
584,215490.06646316499
1315,114506.39359542463
1606,136260.33677961148
206,103949.22957497065
1685,363401.32564404764
2016,130372.84317515942
869,197281.22054637122
2135,127255.719304294
2346,184682.16021677718
2430,250093.0034004458
2198,92155.04478878324
2652,119689.19699152671
27,115859.82069292564
241,170529.14759145252
906,129834.55953172263
1506,111203.39555461713
2098,348876.5860537492
1435,226539.76557739277
2213,131817.81003650176
1274,139879.05491532938
743,59963.747955028775
1737,202107.76793310465
2797,284631.27587697265
2185,77995.39574696033
58,177515.3793205758
830,199510.28722958305
808,128825.71487092055
680,148334.44759880163
1153,109509.90579297536
1291,125973.65551599428
1818,152966.41191450407
2161,191883.6642063137
1883,124015.27179710487
350,348829.6892012853
2473,143312.16498739578
295,170333.667305174
293,203335.21053536198
859,138187.66650396702
288,82759.83939376356
1578,138816.6318944457
102,174371.05294192382
2831,156834.1966194978
1030,158495.04952092792
2551,137296.33974152873
1286,139881.1446215768
958,308610.25601767126
776,132454.44594480336
72,206189.12777491097
2263,265047.1792054593
1866,159791.0536780077
2876,82021.70945027105
2146,246667.96096597458
103,183636.1917097601
1500,143606.81799619968
492,178025.8923127
167,133006.66987143498
2597,124298.28906929067
2685,108321.52918772218
1035,144774.12424190514
1220,78052.36393513055
2602,158516.15968074067
2159,204499.35425010047
695,129696.55924982391
1109,260854.593362983
640,172387.9854250704
1652,154568.3537008295
2090,171612.79035461758
1188,166027.20016695952
2345,229153.7603592097
1059,409464.1487156876
2751,216971.87627774547
128,193020.62985069494
1523,196102.2236929509
2925,166925.80200608424
2145,264162.81642036315
1121,209360.37076736832
566,250618.08757277922
565,234557.7065794641
1331,124143.22664183963
2928,118023.44130564452
156,141088.01057351145
797,154688.12276329307
327,99714.78210466944
2859,133210.26289750112
1453,119329.18108081778
1762,357480.8491708038
1868,196948.26107883718
1760,181036.36725114434
1113,245295.25924797732
1812,187413.99044710607
117,146703.35644460446
1142,205670.5355858123
2342,403321.9815997255
927,138184.13924508283
2478,175100.02852134767
655,93234.940974452
2064,129165.29415793467
369,273533.9766540914
2239,117585.22299173655
2732,228406.57017779778
1653,153801.42048011773
959,206920.27917659038
2395,356248.75739119266
1412,102889.36235089343
271,255316.6019589935
1484,161564.94679914886
1497,146024.49970538547
552,158986.75545567521
2,114565.96349308845
1855,263600.3097826057
4,250197.92540188564
2292,165328.15204373497
134,138542.0407234468
646,113960.04779815619
42,298317.5109601602
532,212824.50242079757
713,102945.82326358925
2561,131117.92252420436
2360,139565.33581765252
1333,113496.09854700892
1407,215721.02786146264
2892,302820.21358058957
574,214744.86690802607
1227,182719.45758376407
2591,223088.1224762518
1476,207778.95677004146
1125,241241.24929484053
1446,130264.07213145778
408,111852.35060941332
1101,313194.10635354795
2251,185431.68664654167
373,178092.4980832553
2554,128071.56375321497
2382,270323.92240244953
1985,86863.55043627361
519,224909.2664361188
1093,192353.78188062002
864,251793.8931826318
2889,148871.15292390334
2308,167990.2023493309
986,149791.70520011935
1302,133708.33658793994
585,154730.89962156906
2708,140061.19018681752
147,128308.31598281722
1441,226973.74496395083
383,186886.56584044683
285,155282.78931058344
181,109910.01164471928
358,167203.49962681194
780,171079.03177782512
258,195972.9021911491
1865,192414.20924002255
692,112264.94835542771
2902,332288.56105679873
508,233844.7000029247
2638,122998.91116193298
36,150136.73554287024
611,170052.28537556285
2281,137064.9714812771
1678,128260.30141111142
1696,440394.0613585995
1557,86034.34167985724
2180,148484.60399189594
1726,242303.60381187324
951,152327.97443566256
267,220249.18997054966
2706,136337.97702252644
2221,228531.273805762
1357,156122.18854172126
2901,310888.85910852766
347,177239.09690647194
2164,195944.4144263303
1586,322560.88759112806
360,166623.80145603578
1769,254625.49408699
2617,164184.82863774136
1879,147638.41740275727
991,206752.3273222811
1535,115835.85275439174
1191,147703.54165919765
1579,213519.66753434096
1882,138754.28118173746
1510,126297.8565235781
2196,151994.49248607687
1845,172968.36415419585
2336,396369.2664275396
942,86703.91597674311
861,125774.83649791955
2555,110957.55748298258
1392,151839.02057890047
2099,256740.50842361743
1543,123934.85317272974
948,239545.0702879127
1239,154536.05603116183
22,196086.03811309332
2796,218720.2876043099
2747,177453.9998554394
92,295384.6919578483
210,164996.006939385
1858,212349.9997403952
2228,166031.49030511113
447,217619.4903340264
827,233335.12753505312
1649,210172.22296420866
682,124900.22543341847
2698,98628.28987145255
494,172298.03396604388
214,90659.60110183034
2441,242710.48144428438
2679,91113.96125813886
1336,123401.3860697144
465,197382.15855941756
1524,131167.39824628257
2543,119343.74578569441
631,127967.62377097787
2452,329791.2629196312
228,161586.04627495425
126,165559.46356629964
1092,241982.00369974886
1122,190098.644047916
932,193161.91477118112
1980,94593.1305978088
2171,104561.35380260913
551,149007.87689408354
2768,169500.30954219453
2056,113054.44670539627
1159,369919.8210276117
2645,105773.38225345129
1174,179980.77028439846
2266,211676.72194172532
2462,388939.71036299964
1219,149667.62767271197
2922,176818.88096444675
118,139152.47777415696
474,186202.48366398172
2576,141707.4864572723
872,285643.17523507803
1077,234960.30605952945
1536,122899.47302515025
1150,130950.36786162118
2341,335458.5594455435
1931,139561.05054705153
2785,131883.3293107155
2538,128451.5524304247
597,196057.73883243458
464,193890.7135204725
233,213106.42875060838
2169,141249.71004917426
2123,176579.36903330058
1867,155133.7050244501
137,242532.5179375158
515,231342.4193539693
933,121599.92997248114
2784,159085.50167884218
972,154880.41001293316
599,156635.50254876155
2614,134595.1414002569
2582,148027.04114450322
1409,157294.30404103862
175,92213.62493984414
352,233320.4063258065
976,106228.69895997176
2134,192714.10637318477
984,117295.3014936199
2396,374109.2327533594
1673,153043.8693842019
404,117170.76500781366
607,158411.78874488673
814,165668.24056512877
868,187561.66117515817
2271,180109.00420479962
1633,251538.78246074848
337,188191.1955803952
2765,143498.14677133076
1746,264823.5705692551
368,319598.2262104918
2806,200049.91322939267
1662,177859.9708095088
1234,206613.17006509774
1373,133208.9991001485
1672,109917.38563276734
1939,127588.7377429338
