Id,SalePrice
2658,114826.60146404589
2718,166189.73920987913
2414,213525.52805392584
1989,113141.45286805474
625,169965.43378941025
333,95085.09128662989
1327,108419.11713651217
858,143211.35271068595
95,182191.23239966345
1568,168974.61146529968
2482,161577.41768302605
1364,126980.85360152506
2584,161110.25062464297
818,269757.8259623415
2673,133806.31734066523
2089,161771.0778535579
1297,140973.58611292747
790,121161.83140182783
2616,197583.48072444234
720,184912.3742124786
222,158186.0361005482
557,122175.333725686
1148,194857.97157821458
2766,156658.98745077816
534,185967.28693791435
1452,120876.38340717122
630,143287.1073324362
2648,126821.41992159358
125,148008.2651968988
1904,70316.06897265764
1670,106119.829551626
756,90016.18864874014
717,165494.59202634712
1032,153425.77402025345
852,212763.08368066399
1731,197643.64543435993
2639,102149.58606405226
2071,85942.84044748665
1267,129390.96642545119
1851,194569.67939549166
567,157996.62567331805
2439,216058.4942551628
1898,146622.23981280104
647,174603.3642589424
2256,213570.83795993388
979,114231.48235517436
1444,213319.777709847
2485,121176.03404387356
157,126908.43233699152
88,117305.04667759214
2003,111489.99356909534
186,202897.98946527153
1425,253811.45624934882
2695,127426.61903300264
738,104301.22582291727
395,153962.47896949813
1353,170777.34619333982
1878,149529.49347578883
390,171028.94581570965
1456,217568.6885109766
1103,298523.6225983811
1387,118979.45346180316
2070,148641.46865265028
1199,165068.80631921263
2479,166258.75555387922
501,332162.1672621901
2362,106634.7112740319
1718,195618.7480765889
2188,97826.54284863189
1483,148583.82418684583
2557,101105.57649940936
437,341368.4816265264
2224,190440.61083924526
1628,197627.99148603703
397,129270.8443689528
587,178193.81473880803
971,171917.75567323033
2611,149629.0688818028
1887,112233.11517801721
2399,341454.71834425064
2148,213404.55764744687
304,115338.7692108812
1997,120264.34644625502
2817,121039.2666773343
1431,178394.35750298583
427,325977.119190622
263,115758.49579046936
598,161808.01565331616
2895,241352.81035163748
687,140441.0361173093
1822,138077.0845693501
2191,102165.58265195557
179,134233.2660729732
1009,234048.8779527844
2010,121719.57392141056
1991,124344.32185548906
1411,152682.23093355846
1721,261373.12060449648
1144,172619.9559976997
593,208680.5439207762
575,271742.59777745267
1249,181610.77008226694
1604,127832.15936429803
1064,454900.9742561395
1923,163312.25416051983
1988,116178.07594977066
2325,177168.68303529912
114,185502.27472636575
2700,170034.66706786447
217,117198.57787587174
343,166553.96133976232
386,227901.7604996762
2005,128111.42093698955
2908,147589.64155737974
1814,227443.12712592786
2446,535022.6994314536
208,146807.52829538996
1679,110195.12775956097
822,298941.83298226236
6,192400.14638554188
1781,369531.6226358309
2397,293683.3788282155
2340,315124.1771358021
1618,162292.35035787977
2843,99283.97025334023
1061,347443.06633120216
2786,127881.58496133727
1935,135749.0242339712
1341,116113.39788088872
521,271438.182508043
2136,133992.22176431032
996,188116.77591809674
227,149988.31032703375
135,174443.51338534176
1167,150657.22594333653
294,211485.3952229159
1776,202923.6070473536
540,186265.44812957567
1717,201851.56339173095
2303,125041.243824659
116,174580.89581079097
127,144506.9423786352
1371,136609.622872024
1014,181678.15365484907
1507,124431.94926862551
702,133001.0818704296
750,137164.93873312612
261,148721.37000754906
1559,92224.091996116
577,197336.0373699339
2812,200022.15353174688
2080,159081.1623096264
1368,132191.94056240504
2376,125184.22425409599
659,127369.49142786578
1235,123650.66852167918
332,99337.08022367767
1917,138913.0271751388
2094,226633.62870005492
1460,250947.62617689333
1471,194873.321791016
1509,131223.0858211487
1922,132754.23266905977
433,496943.64999222476
460,299069.97034352954
1116,244712.05589435154
1137,165291.1919256517
53,182816.26553574047
2354,237181.68495600898
1475,198343.09227835422
1761,645385.3955017816
842,133301.81072619942
2739,166140.8656291526
2509,164185.88272599946
1007,222938.34564235172
2610,170809.33948660234
1952,110640.24554953931
2719,158941.77208717808
2921,94920.9102148277
1966,130598.36284232784
292,139838.3229005452
1204,189958.23969866737
1829,249744.82946201102
2419,198113.52138061865
391,161489.10429003055
798,123239.89509943163
481,201410.61722685822
193,168503.76980127048
555,126784.68188313917
899,73745.01957330041
2357,175721.18453110897
328,122178.38277465146
1356,131653.55970880235
1154,115497.14295821404
1730,186133.29857962756
2249,147185.25709446764
1119,256589.76520217364
2856,137949.41100881647
1394,141093.37208127519
2587,124536.66796140211
61,321111.0613644111
2661,175009.23379771598
2711,131859.90680436534
1147,178735.5835588984
757,140495.33398960967
2623,101033.7696760346
2378,152578.7640566134
1413,138663.8617782307
1722,254912.5529157491
1112,205473.87696843216
1623,183226.98604415898
1201,175080.69628233105
1513,120807.29345413347
957,442568.10285587684
1171,262482.9102317625
1145,190961.12026725753
2726,210123.93420828506
703,161256.15059529128
760,98002.68574632103
1964,141963.36495784155
2512,178527.82584277735
159,143111.24518966803
1281,159015.42713188878
468,185878.7544564225
290,126532.9412045361
665,93661.57759647365
1463,259548.20213439318
1792,211147.05017394663
923,143772.91801116656
500,264296.8803876411
1408,167620.2117923748
331,94680.92539610404
170,126938.44724180228
2192,103765.44419947967
2571,272061.00614315714
2314,175689.8675712786
2647,97003.17068157284
422,440972.2245361262
2457,312394.38615744666
1838,204124.73187065232
2805,254146.90781667014
1645,156461.62639175486
1711,307194.4956268567
2825,242721.07134841918
322,336985.2320213021
2103,266087.8766258667
342,127998.38438398109
600,110989.34862041009
488,186834.7158030928
1725,355763.39029535186
2246,243011.81337509106
2847,179353.57420112492
806,246690.30787949247
530,218540.93788144516
963,176447.4816693637
2678,89452.1473691746
171,103869.69306151346
2401,438472.74038629833
805,221014.7617071017
2259,238842.77924117036
1748,199906.01537514423
1361,125887.59308173231
1677,122316.98335229619
1406,161091.77167452875
2322,241486.02696238353
688,147192.28940376642
143,128710.73863107665
804,212313.91723344236
1214,144190.46490981607
2828,143293.27099374274
1999,156566.3828168874
2467,188352.07889547554
2665,155401.97783534758
1538,360251.30797396484
398,105178.6745370617
2822,128200.66525166215
2157,139762.97762745077
1856,170286.31653371325
1269,122267.36985962515
2570,118924.00651114446
2320,238405.43566494843
1517,111043.19832995364
2304,127713.42571978169
1312,112990.90207644388
2012,127593.2786997495
506,253257.17984701908
2865,171018.5123825255
2367,114233.40463363758
554,94894.19717728735
238,121036.72510067116
1954,119772.76392527792
2488,143864.99761949875
2291,101009.7996673139
1969,115344.2389488642
2725,155790.7691681457
1482,148583.82418684583
2763,195867.57056466458
503,244115.72324670342
1584,249083.14871876285
1531,146404.66453237267
2210,125078.05258120825
459,359317.605960225
556,122863.58448735866
1347,114625.48972762717
1290,94945.35945241177
1388,116710.26845432208
1571,310195.0309300502
2754,211233.82765458556
765,133532.67657684305
2494,122093.099713932
2870,188885.680646918
7,228769.90755709086
1114,222657.56958612474
2418,277796.8841669801
291,127273.39702464845
18,341721.20156058617
39,361831.0726427733
1001,264714.8076020634
2442,235048.7621205135
616,131656.43694034684
2680,77764.9541673915
1414,119602.60868108124
289,134641.61147258562
40,264831.52173840796
860,122207.86127276484
409,134959.5005233539
673,141261.98023014498
2427,187309.28333173197
2036,205897.85061612545
2564,149565.7699656097
642,161751.75424483872
1008,171248.1212474845
1908,138997.40208053627
2519,219212.11341165067
1369,101873.92278357493
2855,162414.3520219173
712,99747.66808398261
1943,128265.81083136887
1958,137655.0405679411
107,175274.25280612093
2295,210047.65810018269
704,94717.54627545684
676,127986.13439219978
259,170942.3382209556
93,284167.8158619951
106,236473.86519029675
2315,184540.31035541662
1050,115323.25859192346
1095,208316.10655008824
2709,140063.0531425251
758,133140.9791231758
1496,154973.26858507932
2370,124108.32051553486
2458,277238.83182933996
2733,129583.53352990166
161,268421.492954529
726,147316.95142464657
845,198948.89902815298
947,250456.08533400932
2232,106875.19543369148
2563,153340.73052217747
2299,109580.7803736754
211,98858.02050613938
605,144620.67430907924
1478,209999.20882411592
2247,236412.27690686507
2274,177094.1821120053
2869,171380.17251247377
967,215862.5792724458
2656,104812.37424824291
667,174663.31572217259
1042,121830.96630666604
2023,154400.28662500312
2447,370997.48336395016
2055,130698.3374736656
2275,273242.66158962896
2204,173892.12945106672
1563,238696.706799939
483,224148.87544719048
796,130557.91761435126
1526,149264.23913870248
2042,137432.04627878862
442,343359.471958563
1693,327696.9395653529
1468,212654.19633320774
1430,176008.39544438757
2605,145408.15789779415
1529,207607.4142822031
335,137130.19089142655
1287,124628.39793496433
31,104596.14561456839
1785,255124.60551927297
82,156111.17061980022
2620,122828.96131351235
252,193682.05891515824
721,98956.71472934718
2165,191065.52205896913
2316,172863.51923857033
775,125188.48154015988
1558,90338.35083339614
17,214729.32300698466
1022,223754.0455135256
925,129773.27059613977
438,285235.6820745449
1270,142637.36055659803
1272,117984.37601650988
215,128894.75390099984
266,219444.73148079868
2402,273180.83023392037
1250,111933.90160491728
1984,106704.2872453624
1279,132297.51374566686
377,246520.20332716036
1252,158570.69485349578
2156,245956.82317319405
499,317625.4571300045
1374,129220.12993852574
2898,213092.987275868
401,111027.76915731253
2721,175808.30189201556
2078,262075.04859116298
2589,122029.39027215661
1946,200445.03281255192
1334,126833.03361340245
2781,232933.1590895399
431,399264.1313545235
576,208869.75812461326
1474,193325.37195352532
2254,150156.4671203874
2155,292546.1987338159
885,127879.31123189843
643,139595.99782222637
1944,126181.83373448846
480,212678.3879731462
2845,105333.01737470731
2387,317543.2110145394
2407,238572.92007841996
2527,152255.0243410686
2514,164083.90228240757
629,175621.3604798824
80,210241.38810609054
1876,138220.8963973363
1546,127747.44473157528
2518,157270.0595656728
2347,153174.4566482087
783,183494.44718048474
1322,64071.89945588537
194,77088.00748911283
1770,272518.60788748687
2143,133722.1268697209
1229,202923.3603989011
511,250823.5998168503
46,241405.00637952468
1348,165517.94978319743
2465,187081.85162223253
387,229676.10820033602
873,206309.2265836098
1918,123605.50926427382
2764,241072.90936476484
2184,130105.32906579126
934,138443.33783452408
1920,124733.03741106713
2631,141884.72161637864
1768,638704.8690468466
2040,109022.11167781395
1749,222970.889063453
834,213489.49270574938
1457,230430.29602457874
79,131544.14076168646
2302,119098.41098293598
1817,135027.66032966416
2755,224311.8632302564
359,175710.81892541988
2059,118194.90074987111
2092,224241.1800193786
2516,238221.92299553184
150,116883.86942049698
1656,132863.2201108531
83,92094.11311527721
2411,192915.62406382806
795,92887.03122729118
2312,228270.4182572127
2917,109523.85566105055
1624,179908.01919633948
2215,297799.9661885306
1211,149522.38901241345
1485,148789.98539751297
1024,166688.8232089028
570,175713.0157644035
2874,130076.52886424125
700,115191.0692654271
2756,219671.66583214919
2022,161100.87661967598
583,221261.98789819633
2392,387412.7324764982
2424,197257.1822639957
212,101443.82109234727
736,126202.2318367781
1610,169160.1985532688
890,114068.75778590223
467,184661.92101836033
578,243591.05219620588
1747,191907.33873427514
1149,164618.3643067943
2758,224521.4497293756
857,130487.58944541347
2219,278224.3512852225
733,107297.40656247131
2909,120852.50264653056
1798,240738.70835042992
235,122200.8380774401
2366,128967.58507115819
1027,124525.98456277577
1195,136674.44078471247
1303,55627.183108312325
148,175804.65076672687
608,145867.80730837432
2515,208538.81955779344
821,262369.84016982105
2500,297443.22340298916
745,112495.83192331027
741,111430.50748509823
1611,157388.47361343438
2532,125097.80136225521
1081,209448.22921112584
1692,406669.18521143176
2520,187288.35493509183
276,125822.56559734311
1992,122547.22821051566
663,70225.1881397769
418,140568.5247888779
1733,195214.13527946573
2359,143523.36479274617
253,188558.4772260342
1518,169702.42172978743
2035,134543.3855351085
2919,94623.83611257553
1540,231031.3202861958
2120,137612.07694871363
1674,183079.23332325197
256,138661.45761715868
2361,108180.23556294716
978,88808.66365943982
2280,134559.27966147472
2095,210876.36849186185
1709,304218.41240363463
2801,227835.7662878593
1246,122273.17018434429
2373,119758.69828649354
1055,273237.8280212955
2017,112587.86055483784
1099,282274.3947140773
1344,95233.21785346327
835,160247.2860088859
1117,216534.55884742236
2043,109179.2924786538
2085,128810.10536698077
410,151058.04509807364
2650,109114.65810215224
2867,169558.38877417194
1668,121134.57488223775
1161,173564.30179275508
2122,169390.68022045883
2539,129834.02387934712
1047,135600.3585985369
1445,126645.56060886804
541,148287.705337234
569,207583.05470851058
1276,129801.4039235902
918,149250.26446292616
326,165765.89416926444
1936,128483.96796756626
895,101330.90609134437
257,132403.48097988925
1241,179920.02905217028
1545,116847.86195410362
1189,165953.47272589512
270,140382.87215127773
2066,192444.9463027688
693,114471.97200477163
1259,134560.02885816028
2916,148548.34545582422
2321,267432.2312232288
1977,94764.01076288398
1895,157121.80509409407
1240,156996.5218144539
85,141664.34376208633
1823,108659.92105123095
825,296527.1981129567
110,210983.05383335685
697,121509.83633764963
2297,114324.56746523401
1231,124062.98672203955
1355,134431.91371776647
968,313767.6535025464
584,223180.2102691846
1315,131311.283939248
1606,128068.14650221237
206,91942.59320593205
1685,344960.25624004554
2016,131552.97213367728
869,205216.27498390578
2135,121061.2225778595
2346,169213.29957096867
2430,226293.5440277028
2198,89039.96448778891
2652,107748.61621977764
27,107259.73928180938
241,172946.92077879218
906,126584.31614712886
1506,135035.6771545209
2098,320789.3795966074
1435,213278.72543865937
2213,134917.790566915
1274,138560.498089754
743,64813.10337425949
1737,206387.992497115
2797,260736.03411790053
2185,94923.22998664803
58,190760.2899987567
830,189859.31405416437
808,138246.76864463446
680,149355.98365315978
1153,102168.192950475
1291,135749.53731999602
1818,171640.77851784715
2161,195053.10493381022
1883,125451.82130801782
350,350987.4801352398
2473,170255.00864764195
295,160502.28664340984
293,219617.1157085199
859,134602.90277267882
288,73365.1880030146
1578,149572.20734072654
102,159448.94430105397
2831,163119.7715750934
1030,161508.90852759365
2551,135234.44930501393
1286,144601.20009537667
958,298701.622934556
776,124049.86526364642
72,187356.34791021553
2263,258577.0647867549
1866,148738.82797742065
2876,87306.29225358227
2146,258630.96434132778
103,176590.17268972791
1500,140819.2266749518
492,189007.83238790877
167,129665.63758229524
2597,128448.38697922457
2685,107552.9844836831
1035,139985.76831511105
1220,76627.14782427963
2602,148433.51152534614
2159,214168.74546632406
695,119942.80195289064
1109,266618.47544485505
640,156939.66385247544
1652,149164.8163145988
2090,195414.42280266114
1188,169971.2280078828
2345,230274.23647007864
1059,391023.94739221095
2751,221511.95539636264
128,203817.3816226344
1523,168698.75355586386
2925,158254.1906249047
2145,261445.01744122664
1121,221121.21733289224
566,257983.41488562
565,240624.4151555619
1331,133722.35582475894
2928,128917.41493632151
156,132758.01104084827
797,157378.56860272013
327,97051.63719127074
2859,153934.80487860358
1453,120539.87655738665
1762,344201.1999116108
1868,212809.07012330217
1760,188880.37788310708
1113,252688.41478707682
1812,184460.26417403325
117,144627.36027106066
1142,204462.12458929355
2342,390683.17842954816
927,128800.36946745923
2478,176836.24070118845
655,92385.81581438602
2064,129292.41958240334
369,256468.63146417134
2239,118467.19593232547
2732,198066.02687621085
1653,155865.41618671888
959,209126.66722605986
2395,337370.5060594013
1412,101382.61233430434
271,260891.40439697888
1484,148589.6684803677
1497,135976.47079441618
552,172453.12542343274
2,112042.47716050448
1855,272574.5240389075
4,253364.4175509395
2292,161312.14126105478
134,137389.0521042011
646,111420.50104455724
42,322137.4573465486
532,215405.2796751569
713,112700.68706511034
2561,127628.43559341038
2360,142919.06142715897
1333,127161.36374010406
1407,218040.79366752607
2892,288368.04621969716
574,208625.38311902236
1227,191402.00048876705
2591,245924.92485911673
1476,201195.75146341458
1125,245341.40054365274
1446,125252.62407496666
408,112717.27286739083
1101,288478.00740169897
2251,172647.83612605132
373,186586.21915094138
2554,133490.47937981368
2382,269683.44206629245
1985,79090.02010861857
519,219334.8747720262
1093,185186.68565377613
864,263278.66413826967
2889,134662.45849832863
2308,155134.59037074744
986,138250.30921732693
1302,125947.04952485014
585,155074.07045624888
2708,147868.82689667426
147,129900.62104099509
1441,222871.69909733
383,177510.4022547554
285,166484.7109831048
181,107744.41127975333
358,169342.8477482831
780,180907.97806467765
258,198230.2029303541
1865,182625.58560824918
692,125741.34796193262
2902,317100.0949894929
508,245710.76179540143
2638,124706.6471268344
36,149075.48391953402
611,161997.26303372395
2281,118942.83941216263
1678,134781.35202756984
1696,443177.23423315526
1557,88623.59609012135
2180,140515.67107442013
1726,260289.98484708418
951,151605.94050311
267,227425.8868757628
2706,132913.31118707836
2221,227796.8575583892
1357,153455.11192850326
2901,301285.5200448293
347,191799.52358131783
2164,187014.02055047892
1586,295119.43164427124
360,173402.899526283
1769,239563.20288097087
2617,186785.01841536688
1879,151622.6567160025
991,216603.5424853314
1535,119747.0313904693
1191,148596.3369993554
1579,203278.04333662012
1882,144130.35820938894
1510,124653.29579094048
2196,139996.96230286834
1845,168094.80001571972
2336,405782.89481357223
942,88516.60358685655
861,124794.36520882725
2555,104568.6753758177
1392,146767.5182573559
2099,259939.82141782474
1543,127143.53702303008
948,243844.34076245688
1239,150045.9852841078
22,183759.0134874401
2796,207992.79796516366
2747,169359.82930414774
92,291087.10947530495
210,171236.4033453072
1858,218453.21790243668
2228,164296.7401414536
447,235089.9056578257
827,222050.4134974688
1649,209867.7605334432
682,131422.2352766234
2698,110263.88235104964
494,186891.70161618388
214,91456.97200760874
2441,242233.16422697288
2679,86549.0964880388
1336,120319.78312574618
465,198358.6585278732
1524,129863.94755069671
2543,111084.78333617545
631,123658.62509822949
2452,299774.59757473844
228,161137.25044867775
126,164212.62872621932
1092,240903.8848357071
1122,196710.27742175583
932,197566.6069510956
1980,95462.83824120463
2171,111073.45841380827
551,144833.00650453268
2768,162676.5438135686
2056,115807.25789458907
1159,374398.9350675414
2645,99058.44230943295
1174,169602.2498941784
2266,216002.2957641381
2462,348538.1580679321
1219,149697.1668572858
2922,170529.86565040753
118,128397.47591821585
474,192467.82139798257
2576,147014.9183583592
872,274243.0153856418
1077,253832.63570733374
1536,125332.17929587717
1150,131342.66740721397
2341,317686.3640994465
1931,150242.6908620643
2785,127524.50766834176
2538,125827.35478538505
597,196194.24953542257
464,212096.28919891358
233,188584.56258635846
2169,133232.3868573083
2123,166566.3656215385
1867,145140.0696705622
137,236020.74785057097
515,217810.63998708062
933,127942.93510439887
2784,156247.98423409005
972,150005.3300477874
599,154179.69855857943
2614,137010.47540327566
2582,137450.32424654035
1409,161157.01785421756
175,77130.96328661052
352,235869.24571512174
976,97731.83928086201
2134,196454.7537922193
984,127182.42942545353
2396,386265.39392468357
1673,150717.83785497956
404,112277.44794698733
607,150580.9042518706
814,149287.05770890642
868,192242.71352118885
2271,184461.12791537045
1633,237554.93339540943
337,173880.76788512882
2765,159104.17709917767
1746,232790.5105543058
368,334714.3557926426
2806,195121.0458785192
1662,165082.29542875628
1234,195191.07954400146
1373,143466.8084757158
1672,106327.32652106146
1939,127783.04881396695
