Id,SalePrice
2658,111512.7358113595
2718,165657.79467994205
2414,203843.53672839646
1989,114938.67653667272
625,169683.7067443179
333,92060.31160803042
1327,109989.15069689864
858,144297.6841567352
95,178085.02628503466
1568,168999.40629711945
2482,162100.47922270925
1364,128056.51292453556
2584,160143.1608183989
818,267695.94077907194
2673,127829.27676809597
2089,161739.79782036043
1297,140047.0458973738
790,121454.65603109138
2616,197050.26434753858
720,178817.1424953068
222,157611.3043195309
557,121746.68680020989
1148,194149.22060269295
2766,155020.86149363607
534,187552.72449260886
1452,121017.23122337363
630,144528.54880935207
2648,121328.44262671066
125,148031.79341268545
1904,71629.92264164393
1670,106319.2648341049
756,90422.03271525979
717,162121.16487165887
1032,154916.05087643905
852,211965.39546514873
1731,187775.23849637556
2639,105046.76994018843
2071,86408.09091940003
1267,129844.2204436316
1851,190434.81359823566
567,152744.8575889074
2439,208094.99801235576
1898,147203.52220145194
647,173852.6782901953
2256,210732.32321386898
979,110522.30265074315
1444,204647.6452673604
2485,122910.69505768169
157,127749.17512756983
88,118896.51833319257
2003,113548.92683051988
186,197099.68112414095
1425,251826.3718513694
2695,131940.3169209836
738,105945.29762652889
395,154841.72427463642
1353,174381.3928556832
1878,149556.6511413814
390,170852.79156082796
1456,208495.74274523923
1103,294285.65155520546
1387,119244.8324866908
2070,144514.75302300166
1199,159176.0307006323
2479,160369.40304301225
501,326727.63884791406
2362,106871.64765886296
1718,197941.28569147066
2188,99581.5951566758
1483,149321.90245945705
2557,101027.77787903434
437,328791.7669071192
2224,189399.23961341765
1628,203151.84201765945
397,130164.04047418045
587,178470.43013923866
971,171433.12564887933
2611,151183.27202439334
1887,112093.21615990535
2399,340056.876367749
2148,212806.11699054053
304,121848.61079632274
1997,115948.11822848399
2817,116180.92151893122
1431,184395.92238983978
427,325744.47173821763
263,116593.43731233518
598,161836.07971572728
2895,241711.1812695675
687,136503.6619725419
1822,138156.0202964515
2191,98718.75584581583
179,137797.7377890161
1009,242685.02221650328
2010,121771.00641895505
1991,119915.27349587418
1411,151890.16085625842
1721,254441.96716325212
1144,166931.01485771118
593,201885.77155325352
575,269457.58981799136
1249,180508.4660462609
1604,128221.06584944252
1064,484188.52797646594
1923,162705.2942849452
1988,117360.6124049033
2325,170353.4546367694
114,188411.23092041444
2700,169849.25316090518
217,117711.21266570847
343,166676.95646826192
386,221839.2822028671
2005,128791.59805630443
2908,147871.70790381596
1814,225326.61524592974
2446,522536.2426668219
208,140977.88039398298
1679,107201.4793851729
822,296107.73827431636
6,183591.90538416684
1781,362913.71122916305
2397,281111.3607844522
2340,327063.9496057503
1618,154359.55736837338
2843,101600.11365676935
1061,335308.0328965679
2786,127647.31645002267
1935,136638.51260984258
1341,119213.14263713907
521,272610.80482404295
2136,133831.37362546532
996,179558.3978415338
227,143764.80101827375
135,174039.4003757173
1167,148003.586946359
294,216919.16785204905
1776,201531.54243943602
540,187998.3781276312
1717,202917.3527716403
2303,125416.9373826419
116,176235.20978106928
127,144933.89896705814
1371,141248.047532161
1014,179450.31767542742
1507,126999.71177802094
702,124910.50999218956
750,131636.29487143233
261,142714.77055589936
1559,89072.81002077693
577,198871.80075819607
2812,192542.29555957188
2080,163353.490749057
1368,129400.92721693433
2376,125577.20075964517
659,127867.21185020923
1235,123390.9353425992
332,95889.37298056086
1917,139732.92101818664
2094,219637.59297280764
1460,244089.85078259133
1471,194206.71408603346
1509,133857.0726917104
1922,133976.6560843628
433,495846.23036291957
460,299759.0281344406
1116,243886.98663275022
1137,165429.61594276447
53,183359.44800228803
2354,231860.910505514
1475,198391.67292325373
1761,630798.1886968217
842,133632.74013168458
2739,164447.25946010379
2509,160113.8386997446
1007,213582.30687823187
2610,175090.9947075534
1952,110674.53512434127
2719,159252.02072581433
2921,91906.37718776464
1966,131723.5218440668
292,142355.99136256624
1204,183497.09056388648
1829,237804.47419078843
2419,189296.82395530955
391,161758.41570675114
798,125773.6814149885
481,192606.32448892147
193,174757.88456975817
555,126396.79167606782
899,74043.52192048187
2357,170175.25022290897
328,122937.36514710993
1356,132405.56062791665
1154,112652.78941332751
1730,177832.39231546296
2249,146521.50153134845
1119,245965.78493234422
2856,139473.34060469698
1394,144385.31655656797
2587,124413.95371201492
61,304681.54620752716
2661,181130.3312980644
2711,131941.809950082
1147,172308.0648426558
757,134342.5457317419
2623,101096.17832286308
2378,146580.50358422328
1413,133919.10094457353
1722,254927.5352608771
1112,198370.67507030885
1623,175710.77995550615
1201,169390.51610446902
1513,124098.21098090729
957,430006.1864516777
1171,263185.799068146
1145,185215.44991317147
2726,208462.82627068998
703,166207.1866857148
760,95693.2552841959
1964,142509.20557084362
2512,174518.12014663787
159,143568.55564728408
1281,153165.7148394507
468,178736.46783884556
290,126839.73061263205
665,94236.56110520005
1463,252497.91824375445
1792,204835.43332125805
923,152257.76780121043
500,253909.322993727
1408,166626.165262113
331,95676.76096301708
170,125950.45020802126
2192,104096.34191147934
2571,261607.79940170597
2314,169167.59749548926
2647,97838.43894764807
422,424133.4660133396
2457,307867.5831992165
1838,204729.29614155693
2805,243111.85365363443
1645,151852.20676095816
1711,299207.65348524856
2825,227243.4004432574
322,355194.4391080599
2103,262121.98403344984
342,128068.69724021864
600,110908.72430636043
488,179045.83809838363
1725,351867.306786617
2246,256664.72698401453
2847,181353.7707959106
806,236210.12150599153
530,215140.27336257306
963,175929.59224441496
2678,88571.78759502085
171,106215.0438920531
2401,416839.850913998
805,212248.65210262744
2259,238877.71607671308
1748,205111.05441083005
1361,118429.26357960278
1677,118414.40692463248
1406,159351.4557269405
2322,247135.46371589805
688,142340.09635196396
143,128930.53657636118
804,204211.8675700337
1214,145818.86159899473
2828,143662.97609590774
1999,164093.0981372024
2467,183057.00319481798
2665,149659.0785156165
1538,375343.4870175114
398,105696.65306281284
2822,136979.26630522747
2157,140819.26447232428
1856,169777.88651318557
1269,122391.46467619149
2570,119299.73372708677
2320,244124.73818448978
1517,107189.57089675136
2304,124804.15200349025
1312,115478.87813158162
2012,129196.97181805517
506,242463.11504253812
2865,165249.3108831118
2367,110577.50148426782
554,96801.11356614278
238,121465.50630189759
1954,116137.45387860067
2488,146888.20127104752
2291,94706.25090854867
1969,115622.88470511857
2725,156992.3199935073
1482,149321.90245945705
2763,188407.86028209067
503,235197.98075442435
1584,246931.65637659488
1531,147578.6562705154
2210,129906.91215503289
459,355329.27872908243
556,123735.56919872225
1347,109443.42218877468
1290,96136.40683738564
1388,117240.31075706243
1571,324197.3850203233
2754,209664.19168108146
765,133749.63287335358
2494,123143.02843667676
2870,180273.21535918687
7,224460.45380371602
1114,221091.83281699792
2418,268222.4861052473
291,127138.28798288123
18,332113.0636713612
39,360287.2938963742
1001,258691.04733536937
2442,228153.32057255533
616,131852.7181530256
2680,79103.01124988735
1414,120891.72705866673
289,137111.6438726987
40,263542.6709043582
860,122937.25212230455
409,135461.2232208184
673,141291.84712369874
2427,186796.51805469932
2036,199579.31718279168
2564,143523.76547123096
642,160951.2980420961
1008,165896.91652458618
1908,133887.6488497836
2519,217004.8090378587
1369,100123.34388483793
2855,156474.20338420788
712,100825.45348596468
1943,131375.87633917283
1958,137603.30873138394
107,175145.96465653757
2295,209184.47959281714
704,97554.03549720335
676,127390.39985304976
259,165433.59164411412
93,272564.436742433
106,229467.88464432233
2315,178252.25863402372
1050,116053.32135077364
1095,199266.89742643578
2709,139478.72232400582
758,139668.88965926637
1496,149750.0806372959
2370,119926.64394396736
2458,272800.74113566894
2733,130150.04454061562
161,278249.97398425173
726,141964.76339372393
845,197988.15662391536
947,242638.14178433348
2232,110713.45511447144
2563,155852.23852214144
2299,106399.11314183593
211,98270.05656528522
605,140182.22483934808
1478,210605.2372064383
2247,250639.0382205275
2274,176437.96050390723
2869,170704.55316781177
967,207991.3845509625
2656,105726.50939043138
667,172945.51482220393
1042,117673.80281264626
2023,146464.60674906572
2447,358199.2969539604
2055,131097.1602559982
2275,286479.0807975135
2204,178093.43482497564
1563,253374.37788640402
483,218667.52593174268
796,131399.45480330696
1526,143105.57549065
2042,143233.72565480805
442,341438.59483431495
1693,319947.6880634131
1468,205509.4985719892
1430,174272.8514661763
2605,144425.12340600268
1529,198380.16203432612
335,136743.412237126
1287,127325.9854867807
31,101398.08947969039
1785,252245.45005737626
82,150558.46127567682
2620,126139.16912242098
252,193281.28344570284
721,100079.37575878229
2165,189608.56764786984
2316,176506.99361525613
775,125449.82324328009
1558,89093.40887522651
17,219264.718143107
1022,222835.03809206307
925,131988.77255335147
438,284410.5244282441
1270,142602.66563240535
1272,118609.44605520008
215,129180.1504787611
266,210723.14453860713
2402,264579.85962720984
1250,109064.20973021523
1984,107829.64880134101
1279,136083.89727005776
377,238250.66577378495
1252,159247.61681135924
2156,236588.87277339736
499,307184.52173599706
1374,131873.13979416704
2898,206708.34905511126
401,111510.5855486707
2721,175647.7201773631
2078,257779.77587944988
2589,123330.9596376517
1946,198609.52990084403
1334,122382.97359877551
2781,230805.8790867289
431,400491.5126126981
576,207437.29471537028
1474,187082.96118729742
2254,150380.7791953596
2155,289553.5543779163
885,128256.58276573122
643,139090.30656230907
1944,127242.44508881167
480,203588.40081578292
2845,107243.45303244906
2387,307553.704831341
2407,237007.54604250035
2527,146584.4753768073
2514,158875.07321588503
629,174475.98724016317
80,201748.19290720072
1876,137806.0786683976
1546,130625.87734178497
2518,158156.5176754866
2347,152904.8770479273
783,181136.83178903925
1322,59259.95228755703
194,77910.57256182573
1770,261156.70027611326
2143,134276.58692103167
1229,196372.55886045832
511,249815.58047943882
46,239932.0868088635
1348,169581.21601029974
2465,181859.60942488856
387,223971.11546048964
873,205884.0622713239
1918,123281.58315594507
2764,232323.07890602958
2184,130918.41038122635
934,134226.57480347608
1920,125753.40790077772
2631,136356.23814241923
1768,621243.1858551918
2040,109964.3933306308
1749,215704.2792015503
834,217598.34351104952
1457,221553.00334055774
79,132730.0008053054
2302,120112.78328049931
1817,134992.87293050368
2755,221565.44254024455
359,169070.75842910123
2059,118400.29764233052
2092,217969.57384316763
2516,239279.88291201906
150,117229.47584407692
1656,128482.30975298819
83,93733.49877180006
2411,191435.91762113976
795,92834.45926006179
2312,221904.20131850842
2917,110456.53698986415
1624,174649.56073765073
2215,308151.7683845001
1211,149724.6559040498
1485,145155.77687991897
1024,166721.4380101287
570,177985.32721203865
2874,132362.7401814392
700,111652.44940069821
2756,217068.81285040695
2022,158337.60048262557
583,212196.60301767776
2392,370864.8973813481
2424,197595.66317296884
212,99351.96708623988
736,128741.22528867068
1610,161634.23409447158
890,114477.00111558431
467,176979.95606361818
578,252207.13062776608
1747,191419.86193896245
1149,165045.77398510868
2758,221681.76498820365
857,130678.1637165874
2219,269791.0634975153
733,107585.38134308496
2909,117054.56103835844
1798,234910.9640664617
235,124931.22413598771
2366,124170.5519945867
1027,119517.5771807887
1195,137454.58326448436
1303,56369.222060489614
148,175888.2393494623
608,141715.4662220384
2515,202095.53265906172
821,260183.42147028344
2500,287696.4222379496
745,113608.71279334273
741,114545.29317675103
1611,160787.05392280905
2532,125487.25867596282
1081,209001.9382818954
1692,387101.1948418739
2520,186754.77895402897
276,126442.94320359021
1992,125798.63237398486
663,70726.21872529175
418,141767.53735450804
1733,187443.38200929578
2359,144485.2978549564
253,189091.4293485968
1518,174056.59233779667
2035,138667.69839327037
2919,91578.19351023034
1540,238683.7872063833
2120,137415.93158374267
1674,184370.75411583012
256,139242.09819964354
2361,105487.77276551344
978,89997.83748558634
2280,135857.7515134176
2095,202993.24316070921
1709,297207.0944885307
2801,219938.818116204
1246,122299.04395196108
2373,115614.71075869937
1055,272527.24524265865
2017,114292.74589487775
1099,292608.3014513464
1344,96894.44024042386
835,154282.17758318
1117,214025.06672841363
2043,109069.01328252006
2085,129604.50112730463
410,146104.8814739781
2650,111478.50131255631
2867,161332.31580681034
1668,121313.26662134017
1161,168718.71624254933
2122,168794.00308028766
2539,130028.77619510039
1047,132548.56127192866
1445,126540.27323112277
541,149707.34765439207
569,208363.4695365785
1276,138597.44560144673
918,141717.7873923922
326,165677.72711451276
1936,129326.36747417794
895,108580.538542847
257,132860.01362096795
1241,177943.5865482676
1545,118090.92132819083
1189,161415.83279263673
270,141455.54776107895
2066,185179.91690931373
693,110624.02178682003
1259,134678.07175383775
2916,148688.1282216439
2321,267416.30151376413
1977,95648.34619729852
1895,156360.22503418982
1240,156391.0640259321
85,141790.97857674863
1823,109800.20023984951
825,292069.05382895353
110,212761.63937252562
697,125938.7844628134
2297,115215.06443555834
1231,124115.26471828108
1355,137281.53788589104
968,311446.0962277193
584,212607.86071561452
1315,126924.65764966069
1606,128960.0999971281
206,92914.0163638462
1685,342387.16183373576
2016,133817.6944238565
869,198577.2255246236
2135,121313.25681888561
2346,162531.465755879
2430,224008.84459659
2198,89702.4267115656
2652,108757.10206107341
27,107917.29110609442
241,173410.33846654484
906,130847.97022963007
1506,139125.86700050934
2098,308041.25679641974
1435,211505.78676121926
2213,144208.11425173777
1274,141123.40201823303
743,63438.426545830655
1737,204365.4092245846
2797,251646.4115709619
2185,95709.82121242763
58,196022.57426927664
830,190376.79427098954
808,138629.20892104524
680,155299.50419248265
1153,103056.96481042875
1291,141580.68662504244
1818,172651.7670229314
2161,186255.63456824518
1883,122533.30445913457
350,338496.4467126841
2473,170805.65109958305
295,156281.59434605396
293,223777.80513210729
859,134116.000603054
288,73856.59059929618
1578,154754.6726304545
102,156029.43062150662
2831,156638.2387624679
1030,161736.96109266573
2551,135069.66396480548
1286,138401.71081124397
958,314965.1616770638
776,124251.24962847556
72,189036.20825017407
2263,271595.7721780524
1866,148315.08289889022
2876,87933.71944420772
2146,248728.68484162854
103,172563.85849542246
1500,141976.19130625084
492,180960.42963818123
167,130292.21934608833
2597,129367.4195439745
2685,107943.99910192733
1035,141724.56788370144
1220,76751.12828189654
2602,142063.07664747201
2159,208046.8268711707
695,116683.60594238537
1109,253918.90555489552
640,156751.71735850128
1652,149307.17465612895
2090,199203.61064609975
1188,171047.91778950556
2345,220392.10758316485
1059,376015.3748780363
2751,209418.06550777116
128,206053.25223338194
1523,175830.84286248765
2925,158070.89241201896
2145,261051.05648554652
1121,222562.44614197357
566,256880.23786429845
565,231150.1757884653
1331,135908.23238740466
2928,129878.28366435037
156,133693.1228241672
797,162063.9895138906
327,93943.03360765456
2859,146975.03252811884
1453,121107.6474531131
1762,325324.94220015215
1868,211719.76108632758
1760,180489.16161846023
1113,250604.2790242371
1812,177484.6667910756
117,140752.03661026384
1142,203892.07361763084
2342,403490.93060570984
927,128279.0261211271
2478,170342.25149962254
655,92806.18635020444
2064,129582.47524011695
369,248375.8139383402
2239,118971.55380823821
2732,198259.8319216295
1653,156695.60436298043
959,213126.16269739877
2395,321940.8246631528
1412,102421.04266682234
271,257989.30215168657
1484,149327.62910873123
1497,137210.09962722735
552,165199.68562910488
2,113823.56041562818
1855,273113.0016053687
4,252292.52758847183
2292,160487.0864945402
134,136965.0899764549
646,111570.90263501044
42,322064.06806946377
532,218073.1455153094
713,108202.79361279562
2561,127636.59161521117
2360,143046.79169476
1333,130089.87810510819
1407,224139.25750737145
2892,278113.12574783305
574,204025.80170160724
1227,190765.38065285713
2591,236903.09652393064
1476,201342.11069101922
1125,239656.90825601987
1446,126309.10812953321
408,109665.24268905152
1101,277463.0453214929
2251,172173.32462637205
373,186759.64846944972
2554,132989.18303527142
2382,270255.1054713343
1985,78515.25019307305
519,221323.7357453325
1093,177845.038586374
864,254066.13015707533
2889,135484.43284937445
2308,155033.01578579628
986,141291.4208978895
1302,128657.62412978534
585,148390.99978545698
2708,149028.88633937732
147,129502.46942842603
1441,221048.873240717
383,169738.82061927178
285,166161.4628039755
181,109247.12191073208
358,162633.46747326612
780,180495.88519404866
258,190294.8727380788
1865,176347.70637937548
692,129409.27970999069
2902,311500.4685051298
508,244219.88490576125
2638,127016.22300202602
36,143591.64014784864
611,162500.967125043
2281,126790.31582115612
1678,129840.86022280477
1696,436072.03082848876
1557,92063.30218348498
2180,135667.72089816869
1726,260137.1546990365
951,151840.55270768993
267,220282.45664263095
2706,133846.48867401772
2221,225988.8671056521
1357,158470.3372276572
2901,296697.6664171133
347,198214.13015127328
2164,187410.62231269703
1586,281849.4877744896
360,173558.94191508755
1769,229976.7128472183
2617,185362.5917307796
1879,151252.40226879445
991,215265.2618887233
1535,128853.29059954255
1191,144175.81801921787
1579,206956.47137469222
1882,144542.3990133887
1510,126915.69800790086
2196,135523.17525840772
1845,163997.14892201516
2336,407559.3032711156
942,85178.83069554585
861,125966.49061581312
2555,106897.91000976476
1392,146248.3857073269
2099,257314.89721787625
1543,121775.03255003535
948,247774.51426679202
1239,150914.93396675406
22,183644.03452180605
2796,207515.16718879572
2747,169652.3702636094
92,280376.17124468286
210,169257.0658407275
1858,217194.3011544534
2228,165259.53677024957
447,233904.20351652754
827,223224.18662684486
1649,201518.31618333614
682,127729.16359991767
2698,107576.39278525888
494,192050.97355090236
214,89568.6726375112
2441,234357.54782390167
2679,87498.62337519041
1336,129099.57828473346
465,191052.59280481818
1524,122947.62246241099
2543,111521.71910480228
631,124067.7117717782
2452,288947.6934674163
228,154771.7127697041
126,159331.55976589507
1092,239384.33825988398
1122,197945.8909003057
932,196512.55036101848
1980,96141.52401315175
2171,118834.35538760855
551,139440.37398084337
2768,157745.0902801253
2056,115784.81411078498
1159,385533.3070668306
2645,102842.25281002819
1174,177851.37207242195
2266,220278.2209019405
2462,332876.61753368395
1219,149533.35112426506
2922,170187.55959643767
118,129374.9694663726
474,192577.8459118781
2576,148375.84314644185
872,272653.4817617544
1077,255338.92292173108
1536,124967.35042221165
1150,131343.00410885387
2341,307268.8561387238
1931,152836.73096836358
2785,128419.92924167153
2538,125804.11265997565
597,183870.45460973305
464,206205.72206152722
233,190149.28850558618
2169,133336.34006621022
2123,159754.28916961222
1867,146590.4895314987
137,235162.2447052409
515,211617.89911319688
933,122536.61528159028
2784,156433.52188980725
972,150776.08817740798
599,154558.96296690055
2614,137209.92886241214
2582,137005.64933571804
1409,162904.52130301576
175,74320.30101093028
352,230115.80444228512
976,99222.35926191729
2134,189929.15225508463
984,127323.05685931402
2396,381828.60503026436
1673,153623.9171525779
404,108718.7177326584
607,152131.9461665046
814,151370.85333593213
868,186062.9054465896
2271,183261.506844948
1633,221140.21026775203
337,172066.788905679
2765,158177.3399850359
1746,230612.19603640036
368,323497.1187196095
2806,195294.71773884143
1662,159367.3158785924
1234,187987.99677109174
1373,142977.80126206693
1672,106981.05033049632
1939,127741.64830884333
