Id,SalePrice
2658,139502.3565374341
2718,159557.83095003772
2414,223441.29815789245
1989,101689.77276888008
625,170894.67992982845
333,99084.49391615366
1327,104240.72528254933
858,160828.5685288773
95,186302.15743621349
1568,162730.04752611244
2482,156327.32068560555
1364,121221.53785085212
2584,132273.85395403844
818,316441.9307354967
2673,117220.72754268657
2089,123836.87811400181
1297,171581.606634302
790,114675.66574409914
2616,196614.7430170427
720,168461.48234499566
222,161809.37423596287
557,128509.43698967929
1148,178712.0306391326
2766,114754.48367269966
534,178177.18966622723
1452,130345.73153999531
630,114715.63696001837
2648,109389.39020872765
125,165200.82109321287
1904,69692.73502092542
1670,110084.32464974154
756,101662.7351751154
717,175329.37206783827
1032,150178.26739642172
852,210335.139149156
1731,171835.60203032588
2639,108779.71062230224
2071,99635.85550893791
1267,142987.67969061318
1851,195933.34938819363
567,177817.02691082365
2439,208790.8027434111
1898,152382.05672061798
647,136653.86568871385
2256,221505.85567996433
979,97417.79565117722
1444,224722.18341303262
2485,128078.97203200792
157,134628.95231501007
88,121533.43934407514
2003,107385.51752644812
186,195629.8917152582
1425,238514.86542582244
2695,118231.17514517323
738,107404.87284772834
395,164312.85408655164
1353,156828.10330613062
1878,139816.33917661937
390,159075.48190860587
1456,234593.1295451952
1103,307510.5197961047
1387,123561.156841472
2070,141252.748210185
1199,168236.06662186753
2479,174583.71192575665
501,323560.1838941153
2362,98750.8913498545
1718,210523.80541799832
2188,104185.00063723735
1483,158976.96675183563
2557,103285.48188306057
437,357297.84732105053
2224,199172.05714080238
1628,180041.42313566536
397,147671.22996215674
587,190733.3722054125
971,138501.45764659793
2611,140371.9800995593
1887,104593.93708494326
2399,373026.2286117118
2148,196782.90958417993
304,106608.60862200077
1997,127988.19011541762
2817,112861.94015761024
1431,212484.40547229987
427,325048.9523634685
263,131777.77270934565
598,165220.85309622597
2895,207692.23150894933
687,140691.58011770793
1822,135938.38580606566
2191,104446.79608838634
179,119338.96389491211
1009,232611.5548590989
2010,134251.07468900326
1991,125789.14960765715
1411,149589.89832686202
1721,243943.77520400286
1144,190102.2908554077
593,220048.40972497157
575,329671.82969084394
1249,153980.17075195693
1604,131752.1897303889
1064,471973.9929947476
1923,148869.11739934253
1988,120386.72730608314
2325,180253.4025910178
114,194031.83164242373
2700,165765.67140682382
217,136650.39838125493
343,174247.60112503223
386,217702.73835434165
2005,121864.58096752968
2908,132290.48451238827
1814,190519.41394635921
2446,544316.3655951613
208,139040.11231046673
1679,116619.34673961188
822,308761.2268421646
6,200245.30745495867
1781,384910.51890261547
2397,300106.21104276716
2340,327835.7839220875
1618,180154.06187074858
2843,114580.51334988805
1061,391421.32829847676
2786,134319.05003108454
1935,138078.09105330915
1341,114553.54076726625
521,272465.82938052784
2136,140637.8920870855
996,206341.81386892826
227,144482.6478407147
135,168502.6658078535
1167,178749.26771611694
294,223415.27564287593
1776,198856.93024161772
540,153373.37804820453
1717,215200.99572602735
2303,137249.75744813815
116,183598.2939532923
127,144502.63408009027
1371,124705.29310835124
1014,130274.23681127232
1507,117749.4776941032
702,116164.91598867152
750,140903.3670112227
261,150945.88710080527
1559,71241.22791503229
577,212753.05017347765
2812,191384.3592892478
2080,144367.52299480946
1368,108832.5297510221
2376,125325.77529999387
659,109683.85989116374
1235,137076.19587612597
332,87177.81078507313
1917,146698.96614420487
2094,253351.49956126066
1460,238506.91690691252
1471,222826.27224343707
1509,118720.62689334092
1922,132636.56772179587
433,598077.6229738407
460,251889.70471124255
1116,248237.526849073
1137,151491.7875302106
53,178522.3695508053
2354,265813.365035443
1475,198275.63324858007
1761,554390.7547688591
842,142229.66475995386
2739,165569.2782218167
2509,166706.28722917804
1007,201524.00379277862
2610,170230.43651003132
1952,93055.63939052966
2719,163285.33056407023
2921,88145.54520013552
1966,145123.50455671793
292,106278.44789116386
1204,186612.32553170397
1829,264895.039167414
2419,188821.57086922455
391,151472.33903052303
798,106462.45447501155
481,209058.61717598318
193,177292.19953234648
555,122407.38700309428
899,74234.096066382
2357,178831.70611669973
328,114083.13236339344
1356,119841.70485757553
1154,105588.8783814982
1730,178296.3162189357
2249,163699.1362138017
1119,301907.82152663136
2856,129857.08124405854
1394,130806.44484786132
2587,138307.28701015454
61,306352.76481554314
2661,154638.58615876024
2711,131570.13904892982
1147,182748.55263585123
757,121576.0457608395
2623,109208.6234535125
2378,153881.41318477973
1413,139619.09937386803
1722,238392.31325235197
1112,229345.1930526161
1623,195982.3331438495
1201,190305.2912180652
1513,113228.72932835858
957,311411.97475053434
1171,266672.1451272905
1145,192189.1529213244
2726,227476.4165101442
703,138901.01656759396
760,101206.06176632887
1964,155651.19808393813
2512,191243.44814771652
159,124268.1941499478
1281,167902.2332799064
468,191272.14851088758
290,123486.03094116456
665,98633.8910085211
1463,250000.14092567915
1792,222546.85044208227
923,144928.87922675445
500,256771.20478002657
1408,166032.64169350886
331,94732.70888328568
170,122645.90203408632
2192,98493.69419037193
2571,214811.13979047866
2314,182148.1129224497
2647,91406.36522107814
422,481961.9614964791
2457,337571.8068872428
1838,203166.18275345952
2805,239656.62998095725
1645,154842.4009531759
1711,311621.01140092744
2825,221628.4420624975
322,326422.15148048295
2103,249586.7458396824
342,121534.85059744798
600,134048.6468659079
488,175662.75885558227
1725,291596.7318260294
2246,283884.90878157393
2847,137030.77063945233
806,237750.71672114648
530,237161.86672056434
963,190278.8391263677
2678,96682.21313399985
171,96798.13187778862
2401,469747.3323990568
805,230801.39770790414
2259,232086.38801852256
1748,205844.19708652137
1361,127764.88721233922
1677,117552.0706121317
1406,137571.80548118535
2322,209892.46924638268
688,146639.98438125517
143,136434.57451852274
804,220545.3366904893
1214,205507.78489923608
2828,142265.2806264607
1999,153674.64180434938
2467,205053.84522138158
2665,153565.95237596406
1538,395968.183653841
398,123433.25852336863
2822,123081.17080602521
2157,150494.56962353148
1856,197285.18222961758
1269,110938.36316414613
2570,115664.7546073518
2320,234927.6986001334
1517,129359.95624380068
2304,137984.9000276321
1312,100848.94898282168
2012,136318.93574903288
506,245690.57263801194
2865,213454.85006723244
2367,109241.80553636466
554,87156.82276760475
238,125926.36307692519
1954,121350.95743283971
2488,123304.79171313945
2291,83311.74086826651
1969,119828.12868799284
2725,165024.43633491907
1482,156147.8476543984
2763,197090.893783866
503,261360.9672699978
1584,255742.1534772205
1531,140239.4006116112
2210,176789.65479782867
459,326667.5421976209
556,130543.30676784345
1347,116222.363062739
1290,87853.96661960469
1388,102003.95144255702
1571,261520.06579802852
2754,200570.6761486098
765,129892.88530135846
2494,126254.74694469402
2870,219860.88905761472
7,239980.10031620914
1114,240334.96526842934
2418,275630.4906171778
291,129742.66304661811
18,327132.7281092327
39,397341.8799998502
1001,277443.0673441509
2442,225762.476280279
616,118974.23758627012
2680,72810.69840315708
1414,136057.34654848216
289,155425.71832749344
40,256074.55821885358
860,125253.08166834257
409,139102.50626799703
673,146712.71137394273
2427,186174.18660152092
2036,192402.50787279324
2564,140442.96726248253
642,149373.04681934044
1008,174513.2829624594
1908,94245.51814909665
2519,194706.49020490004
1369,101874.7674738815
2855,164821.34787155228
712,104852.87516498167
1943,106380.25688362782
1958,124987.03125576499
107,170023.28725617263
2295,197878.17136888625
704,94265.28209650262
676,136393.07046380884
259,183898.1927217611
93,289698.44360271003
106,257889.08410117947
2315,176703.620457155
1050,114477.07805739279
1095,212432.23661555187
2709,149148.73410215456
758,120067.17234690134
1496,159207.31206372273
2370,127278.00795535992
2458,275439.82183033467
2733,129206.12271308043
161,230625.7050463677
726,150218.60158115783
845,208624.18181380795
947,257607.98585243814
2232,112963.11981658163
2563,146272.4764187899
2299,118937.04419745419
211,94400.96858492705
605,151676.56655475526
1478,196409.2240022224
2247,271729.2460913356
2274,185214.94053569046
2869,213555.23754866386
967,212168.8194970488
2656,121292.57882475336
667,191280.8907612096
1042,116384.13775730916
2023,139462.93144511152
2447,389255.5985839048
2055,135196.55263592728
2275,295450.51979660866
2204,178600.8408664316
1563,275445.11170693097
483,212520.15677192653
796,129899.19473983746
1526,161088.8359837578
2042,119919.84486380841
442,341141.00752941746
1693,332812.6901369397
1468,222280.49909886147
1430,209272.21362586293
2605,144261.2845267995
1529,202493.65559225605
335,136839.6983621901
1287,120860.00688624954
31,106348.73890662556
1785,298059.8386579313
82,159325.7574554631
2620,119514.39168840199
252,180633.43159226113
721,62759.836231236135
2165,183516.69990731846
2316,194641.92169020345
775,134632.05242452238
1558,71120.72325577287
17,222729.2652505455
1022,212592.6417788955
925,132491.77617727884
438,281128.67291082157
1270,155002.7952432393
1272,133035.48866968072
215,133665.69526945366
266,241412.3508003656
2402,304075.98047066387
1250,131265.63989954407
1984,112132.64208959755
1279,144606.51169564837
377,253846.53155317102
1252,132451.11456763922
2156,257724.29382750488
499,329191.99649882223
1374,124213.20911763624
2898,247023.61757238753
401,115927.12819788948
2721,162417.3308084159
2078,258044.5658614013
2589,124928.18904469439
1946,207378.02204670786
1334,126376.54393652327
2781,215654.57044483072
431,412359.59273721377
576,195001.12811812927
1474,212593.63966047345
2254,151516.43235012176
2155,291179.61022932525
885,98806.82271961421
643,150969.07490868648
1944,125265.03794918398
480,199084.07877733515
2845,94474.6049073393
2387,338971.22369621194
2407,215616.3005351856
2527,166133.40730376876
2514,161698.25974633291
629,148154.77091556587
80,223567.99471704624
1876,137490.07427789998
1546,118936.32404324903
2518,180617.5841945233
2347,152540.40066783954
783,206648.28412703157
1322,62039.892155999085
194,92404.28527860998
1770,292998.55284333363
2143,136672.38002867837
1229,209369.1359998567
511,288931.20127059676
46,243398.55467574266
1348,148477.68848272975
2465,202480.66212593383
387,246736.16555061753
873,222364.82173888173
1918,127761.38092747299
2764,245545.46832986642
2184,130364.50108878879
934,154240.15810548927
1920,129321.04989593971
2631,149551.43827076443
1768,792014.0790799699
2040,118776.07520678431
1749,217528.652056247
834,256014.76786573086
1457,223271.62193176057
79,121679.50131025563
2302,135278.13500383383
1817,153918.62198326716
2755,232294.53417475458
359,184793.89087000024
2059,117017.03053834639
2092,238853.26718782829
2516,237381.774177049
150,122577.010726077
1656,136452.0850191647
83,94217.19006257891
2411,184150.5491739166
795,74067.45880802732
2312,215880.49423440424
2917,105780.69866881953
1624,181111.67220958672
2215,340624.15850981814
1211,147204.12356513794
1485,166441.35102178238
1024,174800.22513233588
570,203753.24749483564
2874,137950.0144653058
700,124721.25085128813
2756,197503.5480827648
2022,159857.76641024297
583,239107.7071825783
2392,406273.67297438666
2424,178514.24645813883
212,103541.59505834154
736,124260.05126506742
1610,168875.45020733195
890,117971.82555404928
467,185907.6482572592
578,201975.30460006595
1747,203916.89584467717
1149,157593.38316716038
2758,238718.0301475236
857,150532.6454990047
2219,301387.021865468
733,78220.23307512037
2909,117310.12777129916
1798,265342.6179882316
235,114745.25353074478
2366,134684.07678823642
1027,134690.99712071868
1195,144770.2714995859
1303,67097.33581024971
148,170880.86824010158
608,144129.2965445309
2515,207138.34189307317
821,259770.07056742682
2500,260778.818528064
745,109225.78132953
741,125238.40336910565
1611,95578.70202615837
2532,136393.18604942228
1081,225532.45530276714
1692,456771.67816499295
2520,177561.82496997144
276,112089.36511163785
1992,117998.21213834702
663,69626.34465976234
418,134527.17987455797
1733,199390.42339411142
2359,151550.17700811432
253,186374.21474169227
1518,167345.1618518244
2035,116241.17288185899
2919,86607.64964658575
1540,269269.4592294395
2120,147552.60125388534
1674,175417.22611916348
256,166632.07135136137
2361,117192.62047269243
978,88787.38114323243
2280,135468.71056545194
2095,241109.7180663167
1709,360588.2865181902
2801,254237.3738991212
1246,126368.78427327076
2373,104356.03743661066
1055,297469.7300968295
2017,125554.94077652642
1099,273568.9461321125
1344,88307.3439524596
835,196363.78961850147
1117,206254.04466066603
2043,93559.50305837624
2085,122090.83544679142
410,155825.0555556977
2650,116692.90799962379
2867,178333.88083455007
1668,118454.29655477713
1161,178326.43856672614
2122,181411.9873272582
2539,157835.62043194083
1047,138914.50297913468
1445,137542.94561096237
541,121608.62455768615
569,221899.52505525277
1276,117786.85703733242
918,149119.00665674626
326,165067.68850516056
1936,135644.29383616638
895,96800.68088502152
257,144970.28983777977
1241,167278.43411427783
1545,111853.39509567655
1189,173237.62443704248
270,149148.4024963989
2066,176878.91125401502
693,114161.07505979738
1259,124432.92369181405
2916,162609.1493086739
2321,300561.5495846141
1977,91259.51442096177
1895,142205.4322699266
1240,153377.10200345863
85,148648.01255614602
1823,118345.9049575791
825,285924.7266276727
110,236366.75766354759
697,116158.94468038846
2297,125057.58719520956
1231,138559.87232750375
1355,126897.5545101715
968,325941.78048268653
584,227542.7177442744
1315,134892.31054288792
1606,151766.97132550518
206,88889.55877445932
1685,365507.30722063023
2016,129043.4329947724
869,195463.6066795866
2135,124436.79241724467
2346,179993.16454060617
2430,233891.3920765724
2198,77577.43427380674
2652,134873.27964204914
27,120016.67338067324
241,162372.76027760046
906,129772.78426391383
1506,110737.33317073094
2098,369136.7173965518
1435,223922.74112677237
2213,141448.39999055158
1274,136778.632031404
743,48747.98906295088
1737,201963.75955221197
2797,286308.36106228107
2185,75769.71444125685
58,187269.02603009745
830,204348.99609072294
808,122605.75825899772
680,147184.77117073353
1153,108603.56378188537
1291,127671.88285294887
1818,150339.37725475288
2161,185972.95017394406
1883,121126.79045433286
350,362742.36679588957
2473,132369.27392160078
295,186885.17456734425
293,175843.70515409898
859,137752.09755386747
288,75789.81514255865
1578,163494.6599757797
102,194864.34428927652
2831,142554.47306878213
1030,148819.74458109392
2551,146621.84115344344
1286,139536.28457250673
958,306671.23482550576
776,133010.84540873233
72,226405.46458571774
2263,258131.09431864423
1866,165555.3220508361
2876,82637.09736491612
2146,237433.4220729209
103,185860.00108401472
1500,139714.91367488776
492,157958.20142216532
167,155551.33393567454
2597,118141.70289400773
2685,106487.34869311753
1035,160938.27207398613
1220,76275.06349135839
2602,158931.78999030907
2159,208701.03121362653
695,129576.26641505462
1109,261264.93855894727
640,167703.64577924888
1652,153283.2321576314
2090,157312.51794980382
1188,166587.82910908438
2345,250931.66740876753
1059,440458.84209038806
2751,221526.37729190278
128,208734.91028079655
1523,191881.194952267
2925,172290.85714477976
2145,282836.7356475813
1121,227696.51492436972
566,274415.626378235
565,256798.91216377183
1331,125933.80041247279
2928,123530.02092168879
156,146781.9517913733
797,128487.98122211569
327,98048.01242531244
2859,139084.27910931798
1453,124435.39675636553
1762,354307.66699563095
1868,199314.4129593046
1760,177886.18679802414
1113,243088.20079572048
1812,194803.2685318021
117,159815.41311173225
1142,200977.79786022456
2342,418214.7298827915
927,151775.00382369506
2478,173164.17690880463
655,90239.20630175415
2064,130227.99334775149
369,272585.59462516045
2239,110179.1031397225
2732,211079.21274900666
1653,163205.62287466537
959,209540.27905447915
2395,384074.05178647616
1412,104522.31300469214
271,261775.8604660642
1484,156331.3602265786
1497,145941.29981880894
552,150300.71914157382
2,116471.38529155229
1855,303805.35885594884
4,258672.5483042574
2292,165057.42368971987
134,141221.16259460113
646,112258.86240859493
42,326077.08152385894
532,227508.32059548964
713,100243.96120295324
2561,133583.00267326497
2360,139448.936923742
1333,115072.53678872912
1407,212654.0221882335
2892,315753.29500444024
574,231095.56304274115
1227,175681.0355858448
2591,190137.5356544748
1476,216219.96739963445
1125,258376.976823247
1446,157919.7680207391
408,127981.09027945963
1101,301115.95823402365
2251,196516.88882226116
373,176354.73059995542
2554,134493.2988690459
2382,270595.9047364462
1985,90386.18906327635
519,252935.66562495305
1093,190528.15152355214
864,248372.8697560312
2889,149396.8125135215
2308,173005.18119458616
986,163468.53699594009
1302,132258.6774475606
585,158106.09490133825
2708,149002.80298766965
147,129921.34290696353
1441,225577.7899473822
383,212176.30365800497
285,151175.108481177
181,109431.77002686608
358,202889.94902426115
780,172428.63388177232
258,195503.69900371978
1865,207366.59848383933
692,111850.15173094245
2902,328080.2519234117
508,256893.01383340472
2638,137053.84931909406
36,152783.4834603107
611,166660.9436526934
2281,144744.5132995034
1678,119678.34716294949
1696,465768.1467265325
1557,69518.57842282177
2180,154234.22239641982
1726,243658.48565212637
951,154352.9115321342
267,219653.64072201084
2706,133801.62874508742
2221,257839.4579981687
1357,177805.92770549082
2901,319842.4438117046
347,187947.52888480722
2164,192491.1149441785
1586,327941.08031788404
360,161651.19968425258
1769,262519.4017211477
2617,154799.34416661874
1879,145013.53763597153
991,246824.98626524548
1535,116332.74455432697
1191,146110.7415797401
1579,220651.52542856426
1882,76300.89523804041
1510,122700.36351464862
2196,133360.5766111376
1845,191255.23740671904
2336,421760.8213910752
942,83154.12807753166
861,142652.60156019707
2555,121579.48065896859
1392,156541.59212483728
2099,251051.95733966137
1543,130865.13588358581
948,248691.73400771915
1239,160839.8917318908
22,194639.76780021688
2796,228992.77008870177
2747,174455.78196354024
92,290577.6587858729
210,162701.25840752773
1858,201938.60960141226
2228,156164.2311210324
447,229867.92297711753
827,242240.21998242816
1649,200955.61552361413
682,141480.06625807873
2698,102102.28802120882
494,180571.25540684006
214,67540.62281629577
2441,225353.85835241814
2679,108050.5568195324
1336,118048.54006662754
465,182741.36828199428
1524,132157.41448924452
2543,116029.3653152624
631,141849.1111109896
2452,330022.3374203643
228,162455.275258393
126,186520.9466496997
1092,249952.90354313483
1122,206145.88458680935
932,218435.1547741049
1980,83215.63598961433
2171,107619.83161217664
551,165097.99031897527
2768,165865.28839483086
2056,112545.56916644196
1159,371523.9825406568
2645,124164.9980505115
1174,192150.15094341713
2266,218171.3263874117
2462,396338.6600429146
1219,148216.2319974178
2922,179989.20370360566
118,143217.9671612621
474,177166.13011005454
2576,144234.02046790643
872,279127.3712861738
1077,236119.23535233087
1536,143294.2707123341
1150,116498.30563890774
2341,345176.6281223122
1931,157563.69380541664
2785,135774.9468407915
2538,128711.33363329023
597,192650.34705964287
464,196104.24336694676
233,198286.70208477866
2169,117197.14917210961
2123,180289.92451106894
1867,161800.92317363498
137,246467.17398272397
515,250230.67865328622
933,119513.0674898988
2784,175366.87703721406
972,161183.92505826353
599,165489.17189197408
2614,139051.51115890383
2582,145988.3103014031
1409,147485.34823847428
175,92693.92717291148
352,247484.37391666498
976,103537.77601606063
2134,193164.68471759593
984,121808.04698790089
2396,374989.2529616528
1673,151487.89598658629
404,126448.25220003111
607,162353.31316603711
814,160164.32430577738
868,185620.99726329301
2271,186968.792200735
1633,246388.73964704355
337,167573.69723346748
2765,153698.2087041465
1746,222310.49374599181
368,330667.6361895304
2806,204245.29815456143
1662,194843.41869972245
1234,213736.18575688548
1373,127531.54131903296
1672,116366.66702473225
1939,127304.44744149334
