Id,SalePrice
2658,166774.34128630633
2718,166774.34128630633
2414,166774.34128630633
1989,166774.34128630633
625,166774.34128630633
333,166774.34128630633
1327,166774.34128630633
858,166774.34128630633
95,166774.34128630633
1568,166774.34128630633
2482,166774.34128630633
1364,166774.34128630633
2584,166774.34128630633
818,166774.34128630633
2673,166774.34128630633
2089,166774.34128630633
1297,166774.34128630633
790,166774.34128630633
2616,166774.34128630633
720,166774.34128630633
222,166774.34128630633
557,166774.34128630633
1148,166774.34128630633
2766,166774.34128630633
534,166774.34128630633
1452,166774.34128630633
630,166774.34128630633
2648,166774.34128630633
125,166774.34128630633
1904,166774.34128630633
1670,166774.34128630633
756,166774.34128630633
717,166774.34128630633
1032,166774.34128630633
852,166774.34128630633
1731,166774.34128630633
2639,166774.34128630633
2071,166774.34128630633
1267,166774.34128630633
1851,166774.34128630633
567,166774.34128630633
2439,166774.34128630633
1898,166774.34128630633
647,166774.34128630633
2256,166774.34128630633
979,166774.34128630633
1444,166774.34128630633
2485,166774.34128630633
157,166774.34128630633
88,166774.34128630633
2003,166774.34128630633
186,166774.34128630633
1425,166774.34128630633
2695,166774.34128630633
738,166774.34128630633
395,166774.34128630633
1353,166774.34128630633
1878,166774.34128630633
390,166774.34128630633
1456,166774.34128630633
1103,166774.34128630633
1387,166774.34128630633
2070,166774.34128630633
1199,166774.34128630633
2479,166774.34128630633
501,166774.34128630633
2362,166774.34128630633
1718,166774.34128630633
2188,166774.34128630633
1483,166774.34128630633
2557,166774.34128630633
437,166774.34128630633
2224,166774.34128630633
1628,166774.34128630633
397,166774.34128630633
587,166774.34128630633
971,166774.34128630633
2611,166774.34128630633
1887,166774.34128630633
2399,166774.34128630633
2148,166774.34128630633
304,166774.34128630633
1997,166774.34128630633
2817,166774.34128630633
1431,166774.34128630633
427,166774.34128630633
263,166774.34128630633
598,166774.34128630633
2895,166774.34128630633
687,166774.34128630633
1822,166774.34128630633
2191,166774.34128630633
179,166774.34128630633
1009,166774.34128630633
2010,166774.34128630633
1991,166774.34128630633
1411,166774.34128630633
1721,166774.34128630633
1144,166774.34128630633
593,166774.34128630633
575,166774.34128630633
1249,166774.34128630633
1604,166774.34128630633
1064,166774.34128630633
1923,166774.34128630633
1988,166774.34128630633
2325,166774.34128630633
114,166774.34128630633
2700,166774.34128630633
217,166774.34128630633
343,166774.34128630633
386,166774.34128630633
2005,166774.34128630633
2908,166774.34128630633
1814,166774.34128630633
2446,166774.34128630633
208,166774.34128630633
1679,166774.34128630633
822,166774.34128630633
6,166774.34128630633
1781,166774.34128630633
2397,166774.34128630633
2340,166774.34128630633
1618,166774.34128630633
2843,166774.34128630633
1061,166774.34128630633
2786,166774.34128630633
1935,166774.34128630633
1341,166774.34128630633
521,166774.34128630633
2136,166774.34128630633
996,166774.34128630633
227,166774.34128630633
135,166774.34128630633
1167,166774.34128630633
294,166774.34128630633
1776,166774.34128630633
540,166774.34128630633
1717,166774.34128630633
2303,166774.34128630633
116,166774.34128630633
127,166774.34128630633
1371,166774.34128630633
1014,166774.34128630633
1507,166774.34128630633
702,166774.34128630633
750,166774.34128630633
261,166774.34128630633
1559,166774.34128630633
577,166774.34128630633
2812,166774.34128630633
2080,166774.34128630633
1368,166774.34128630633
2376,166774.34128630633
659,166774.34128630633
1235,166774.34128630633
332,166774.34128630633
1917,166774.34128630633
2094,166774.34128630633
1460,166774.34128630633
1471,166774.34128630633
1509,166774.34128630633
1922,166774.34128630633
433,166774.34128630633
460,166774.34128630633
1116,166774.34128630633
1137,166774.34128630633
53,166774.34128630633
2354,166774.34128630633
1475,166774.34128630633
1761,166774.34128630633
842,166774.34128630633
2739,166774.34128630633
2509,166774.34128630633
1007,166774.34128630633
2610,166774.34128630633
1952,166774.34128630633
2719,166774.34128630633
2921,166774.34128630633
1966,166774.34128630633
292,166774.34128630633
1204,166774.34128630633
1829,166774.34128630633
2419,166774.34128630633
391,166774.34128630633
798,166774.34128630633
481,166774.34128630633
193,166774.34128630633
555,166774.34128630633
899,166774.34128630633
2357,166774.34128630633
328,166774.34128630633
1356,166774.34128630633
1154,166774.34128630633
1730,166774.34128630633
2249,166774.34128630633
1119,166774.34128630633
2856,166774.34128630633
1394,166774.34128630633
2587,166774.34128630633
61,166774.34128630633
2661,166774.34128630633
2711,166774.34128630633
1147,166774.34128630633
757,166774.34128630633
2623,166774.34128630633
2378,166774.34128630633
1413,166774.34128630633
1722,166774.34128630633
1112,166774.34128630633
1623,166774.34128630633
1201,166774.34128630633
1513,166774.34128630633
957,166774.34128630633
1171,166774.34128630633
1145,166774.34128630633
2726,166774.34128630633
703,166774.34128630633
760,166774.34128630633
1964,166774.34128630633
2512,166774.34128630633
159,166774.34128630633
1281,166774.34128630633
468,166774.34128630633
290,166774.34128630633
665,166774.34128630633
1463,166774.34128630633
1792,166774.34128630633
923,166774.34128630633
500,166774.34128630633
1408,166774.34128630633
331,166774.34128630633
170,166774.34128630633
2192,166774.34128630633
2571,166774.34128630633
2314,166774.34128630633
2647,166774.34128630633
422,166774.34128630633
2457,166774.34128630633
1838,166774.34128630633
2805,166774.34128630633
1645,166774.34128630633
1711,166774.34128630633
2825,166774.34128630633
322,166774.34128630633
2103,166774.34128630633
342,166774.34128630633
600,166774.34128630633
488,166774.34128630633
1725,166774.34128630633
2246,166774.34128630633
2847,166774.34128630633
806,166774.34128630633
530,166774.34128630633
963,166774.34128630633
2678,166774.34128630633
171,166774.34128630633
2401,166774.34128630633
805,166774.34128630633
2259,166774.34128630633
1748,166774.34128630633
1361,166774.34128630633
1677,166774.34128630633
1406,166774.34128630633
2322,166774.34128630633
688,166774.34128630633
143,166774.34128630633
804,166774.34128630633
1214,166774.34128630633
2828,166774.34128630633
1999,166774.34128630633
2467,166774.34128630633
2665,166774.34128630633
1538,166774.34128630633
398,166774.34128630633
2822,166774.34128630633
2157,166774.34128630633
1856,166774.34128630633
1269,166774.34128630633
2570,166774.34128630633
2320,166774.34128630633
1517,166774.34128630633
2304,166774.34128630633
1312,166774.34128630633
2012,166774.34128630633
506,166774.34128630633
2865,166774.34128630633
2367,166774.34128630633
554,166774.34128630633
238,166774.34128630633
1954,166774.34128630633
2488,166774.34128630633
2291,166774.34128630633
1969,166774.34128630633
2725,166774.34128630633
1482,166774.34128630633
2763,166774.34128630633
503,166774.34128630633
1584,166774.34128630633
1531,166774.34128630633
2210,166774.34128630633
459,166774.34128630633
556,166774.34128630633
1347,166774.34128630633
1290,166774.34128630633
1388,166774.34128630633
1571,166774.34128630633
2754,166774.34128630633
765,166774.34128630633
2494,166774.34128630633
2870,166774.34128630633
7,166774.34128630633
1114,166774.34128630633
2418,166774.34128630633
291,166774.34128630633
18,166774.34128630633
39,166774.34128630633
1001,166774.34128630633
2442,166774.34128630633
616,166774.34128630633
2680,166774.34128630633
1414,166774.34128630633
289,166774.34128630633
40,166774.34128630633
860,166774.34128630633
409,166774.34128630633
673,166774.34128630633
2427,166774.34128630633
2036,166774.34128630633
2564,166774.34128630633
642,166774.34128630633
1008,166774.34128630633
1908,166774.34128630633
2519,166774.34128630633
1369,166774.34128630633
2855,166774.34128630633
712,166774.34128630633
1943,166774.34128630633
1958,166774.34128630633
107,166774.34128630633
2295,166774.34128630633
704,166774.34128630633
676,166774.34128630633
259,166774.34128630633
93,166774.34128630633
106,166774.34128630633
2315,166774.34128630633
1050,166774.34128630633
1095,166774.34128630633
2709,166774.34128630633
758,166774.34128630633
1496,166774.34128630633
2370,166774.34128630633
2458,166774.34128630633
2733,166774.34128630633
161,166774.34128630633
726,166774.34128630633
845,166774.34128630633
947,166774.34128630633
2232,166774.34128630633
2563,166774.34128630633
2299,166774.34128630633
211,166774.34128630633
605,166774.34128630633
1478,166774.34128630633
2247,166774.34128630633
2274,166774.34128630633
2869,166774.34128630633
967,166774.34128630633
2656,166774.34128630633
667,166774.34128630633
1042,166774.34128630633
2023,166774.34128630633
2447,166774.34128630633
2055,166774.34128630633
2275,166774.34128630633
2204,166774.34128630633
1563,166774.34128630633
483,166774.34128630633
796,166774.34128630633
1526,166774.34128630633
2042,166774.34128630633
442,166774.34128630633
1693,166774.34128630633
1468,166774.34128630633
1430,166774.34128630633
2605,166774.34128630633
1529,166774.34128630633
335,166774.34128630633
1287,166774.34128630633
31,166774.34128630633
1785,166774.34128630633
82,166774.34128630633
2620,166774.34128630633
252,166774.34128630633
721,166774.34128630633
2165,166774.34128630633
2316,166774.34128630633
775,166774.34128630633
1558,166774.34128630633
17,166774.34128630633
1022,166774.34128630633
925,166774.34128630633
438,166774.34128630633
1270,166774.34128630633
1272,166774.34128630633
215,166774.34128630633
266,166774.34128630633
2402,166774.34128630633
1250,166774.34128630633
1984,166774.34128630633
1279,166774.34128630633
377,166774.34128630633
1252,166774.34128630633
2156,166774.34128630633
499,166774.34128630633
1374,166774.34128630633
2898,166774.34128630633
401,166774.34128630633
2721,166774.34128630633
2078,166774.34128630633
2589,166774.34128630633
1946,166774.34128630633
1334,166774.34128630633
2781,166774.34128630633
431,166774.34128630633
576,166774.34128630633
1474,166774.34128630633
2254,166774.34128630633
2155,166774.34128630633
885,166774.34128630633
643,166774.34128630633
1944,166774.34128630633
480,166774.34128630633
2845,166774.34128630633
2387,166774.34128630633
2407,166774.34128630633
2527,166774.34128630633
2514,166774.34128630633
629,166774.34128630633
80,166774.34128630633
1876,166774.34128630633
1546,166774.34128630633
2518,166774.34128630633
2347,166774.34128630633
783,166774.34128630633
1322,166774.34128630633
194,166774.34128630633
1770,166774.34128630633
2143,166774.34128630633
1229,166774.34128630633
511,166774.34128630633
46,166774.34128630633
1348,166774.34128630633
2465,166774.34128630633
387,166774.34128630633
873,166774.34128630633
1918,166774.34128630633
2764,166774.34128630633
2184,166774.34128630633
934,166774.34128630633
1920,166774.34128630633
2631,166774.34128630633
1768,166774.34128630633
2040,166774.34128630633
1749,166774.34128630633
834,166774.34128630633
1457,166774.34128630633
79,166774.34128630633
2302,166774.34128630633
1817,166774.34128630633
2755,166774.34128630633
359,166774.34128630633
2059,166774.34128630633
2092,166774.34128630633
2516,166774.34128630633
150,166774.34128630633
1656,166774.34128630633
83,166774.34128630633
2411,166774.34128630633
795,166774.34128630633
2312,166774.34128630633
2917,166774.34128630633
1624,166774.34128630633
2215,166774.34128630633
1211,166774.34128630633
1485,166774.34128630633
1024,166774.34128630633
570,166774.34128630633
2874,166774.34128630633
700,166774.34128630633
2756,166774.34128630633
2022,166774.34128630633
583,166774.34128630633
2392,166774.34128630633
2424,166774.34128630633
212,166774.34128630633
736,166774.34128630633
1610,166774.34128630633
890,166774.34128630633
467,166774.34128630633
578,166774.34128630633
1747,166774.34128630633
1149,166774.34128630633
2758,166774.34128630633
857,166774.34128630633
2219,166774.34128630633
733,166774.34128630633
2909,166774.34128630633
1798,166774.34128630633
235,166774.34128630633
2366,166774.34128630633
1027,166774.34128630633
1195,166774.34128630633
1303,166774.34128630633
148,166774.34128630633
608,166774.34128630633
2515,166774.34128630633
821,166774.34128630633
2500,166774.34128630633
745,166774.34128630633
741,166774.34128630633
1611,166774.34128630633
2532,166774.34128630633
1081,166774.34128630633
1692,166774.34128630633
2520,166774.34128630633
276,166774.34128630633
1992,166774.34128630633
663,166774.34128630633
418,166774.34128630633
1733,166774.34128630633
2359,166774.34128630633
253,166774.34128630633
1518,166774.34128630633
2035,166774.34128630633
2919,166774.34128630633
1540,166774.34128630633
2120,166774.34128630633
1674,166774.34128630633
256,166774.34128630633
2361,166774.34128630633
978,166774.34128630633
2280,166774.34128630633
2095,166774.34128630633
1709,166774.34128630633
2801,166774.34128630633
1246,166774.34128630633
2373,166774.34128630633
1055,166774.34128630633
2017,166774.34128630633
1099,166774.34128630633
1344,166774.34128630633
835,166774.34128630633
1117,166774.34128630633
2043,166774.34128630633
2085,166774.34128630633
410,166774.34128630633
2650,166774.34128630633
2867,166774.34128630633
1668,166774.34128630633
1161,166774.34128630633
2122,166774.34128630633
2539,166774.34128630633
1047,166774.34128630633
1445,166774.34128630633
541,166774.34128630633
569,166774.34128630633
1276,166774.34128630633
918,166774.34128630633
326,166774.34128630633
1936,166774.34128630633
895,166774.34128630633
257,166774.34128630633
1241,166774.34128630633
1545,166774.34128630633
1189,166774.34128630633
270,166774.34128630633
2066,166774.34128630633
693,166774.34128630633
1259,166774.34128630633
2916,166774.34128630633
2321,166774.34128630633
1977,166774.34128630633
1895,166774.34128630633
1240,166774.34128630633
85,166774.34128630633
1823,166774.34128630633
825,166774.34128630633
110,166774.34128630633
697,166774.34128630633
2297,166774.34128630633
1231,166774.34128630633
1355,166774.34128630633
968,166774.34128630633
584,166774.34128630633
1315,166774.34128630633
1606,166774.34128630633
206,166774.34128630633
1685,166774.34128630633
2016,166774.34128630633
869,166774.34128630633
2135,166774.34128630633
2346,166774.34128630633
2430,166774.34128630633
2198,166774.34128630633
2652,166774.34128630633
27,166774.34128630633
241,166774.34128630633
906,166774.34128630633
1506,166774.34128630633
2098,166774.34128630633
1435,166774.34128630633
2213,166774.34128630633
1274,166774.34128630633
743,166774.34128630633
1737,166774.34128630633
2797,166774.34128630633
2185,166774.34128630633
58,166774.34128630633
830,166774.34128630633
808,166774.34128630633
680,166774.34128630633
1153,166774.34128630633
1291,166774.34128630633
1818,166774.34128630633
2161,166774.34128630633
1883,166774.34128630633
350,166774.34128630633
2473,166774.34128630633
295,166774.34128630633
293,166774.34128630633
859,166774.34128630633
288,166774.34128630633
1578,166774.34128630633
102,166774.34128630633
2831,166774.34128630633
1030,166774.34128630633
2551,166774.34128630633
1286,166774.34128630633
958,166774.34128630633
776,166774.34128630633
72,166774.34128630633
2263,166774.34128630633
1866,166774.34128630633
2876,166774.34128630633
2146,166774.34128630633
103,166774.34128630633
1500,166774.34128630633
492,166774.34128630633
167,166774.34128630633
2597,166774.34128630633
2685,166774.34128630633
1035,166774.34128630633
1220,166774.34128630633
2602,166774.34128630633
2159,166774.34128630633
695,166774.34128630633
1109,166774.34128630633
640,166774.34128630633
1652,166774.34128630633
2090,166774.34128630633
1188,166774.34128630633
2345,166774.34128630633
1059,166774.34128630633
2751,166774.34128630633
128,166774.34128630633
1523,166774.34128630633
2925,166774.34128630633
2145,166774.34128630633
1121,166774.34128630633
566,166774.34128630633
565,166774.34128630633
1331,166774.34128630633
2928,166774.34128630633
156,166774.34128630633
797,166774.34128630633
327,166774.34128630633
2859,166774.34128630633
1453,166774.34128630633
1762,166774.34128630633
1868,166774.34128630633
1760,166774.34128630633
1113,166774.34128630633
1812,166774.34128630633
117,166774.34128630633
1142,166774.34128630633
2342,166774.34128630633
927,166774.34128630633
2478,166774.34128630633
655,166774.34128630633
2064,166774.34128630633
369,166774.34128630633
2239,166774.34128630633
2732,166774.34128630633
1653,166774.34128630633
959,166774.34128630633
2395,166774.34128630633
1412,166774.34128630633
271,166774.34128630633
1484,166774.34128630633
1497,166774.34128630633
552,166774.34128630633
2,166774.34128630633
1855,166774.34128630633
4,166774.34128630633
2292,166774.34128630633
134,166774.34128630633
646,166774.34128630633
42,166774.34128630633
532,166774.34128630633
713,166774.34128630633
2561,166774.34128630633
2360,166774.34128630633
1333,166774.34128630633
1407,166774.34128630633
2892,166774.34128630633
574,166774.34128630633
1227,166774.34128630633
2591,166774.34128630633
1476,166774.34128630633
1125,166774.34128630633
1446,166774.34128630633
408,166774.34128630633
1101,166774.34128630633
2251,166774.34128630633
373,166774.34128630633
2554,166774.34128630633
2382,166774.34128630633
1985,166774.34128630633
519,166774.34128630633
1093,166774.34128630633
864,166774.34128630633
2889,166774.34128630633
2308,166774.34128630633
986,166774.34128630633
1302,166774.34128630633
585,166774.34128630633
2708,166774.34128630633
147,166774.34128630633
1441,166774.34128630633
383,166774.34128630633
285,166774.34128630633
181,166774.34128630633
358,166774.34128630633
780,166774.34128630633
258,166774.34128630633
1865,166774.34128630633
692,166774.34128630633
2902,166774.34128630633
508,166774.34128630633
2638,166774.34128630633
36,166774.34128630633
611,166774.34128630633
2281,166774.34128630633
1678,166774.34128630633
1696,166774.34128630633
1557,166774.34128630633
2180,166774.34128630633
1726,166774.34128630633
951,166774.34128630633
267,166774.34128630633
2706,166774.34128630633
2221,166774.34128630633
1357,166774.34128630633
2901,166774.34128630633
347,166774.34128630633
2164,166774.34128630633
1586,166774.34128630633
360,166774.34128630633
1769,166774.34128630633
2617,166774.34128630633
1879,166774.34128630633
991,166774.34128630633
1535,166774.34128630633
1191,166774.34128630633
1579,166774.34128630633
1882,166774.34128630633
1510,166774.34128630633
2196,166774.34128630633
1845,166774.34128630633
2336,166774.34128630633
942,166774.34128630633
861,166774.34128630633
2555,166774.34128630633
1392,166774.34128630633
2099,166774.34128630633
1543,166774.34128630633
948,166774.34128630633
1239,166774.34128630633
22,166774.34128630633
2796,166774.34128630633
2747,166774.34128630633
92,166774.34128630633
210,166774.34128630633
1858,166774.34128630633
2228,166774.34128630633
447,166774.34128630633
827,166774.34128630633
1649,166774.34128630633
682,166774.34128630633
2698,166774.34128630633
494,166774.34128630633
214,166774.34128630633
2441,166774.34128630633
2679,166774.34128630633
1336,166774.34128630633
465,166774.34128630633
1524,166774.34128630633
2543,166774.34128630633
631,166774.34128630633
2452,166774.34128630633
228,166774.34128630633
126,166774.34128630633
1092,166774.34128630633
1122,166774.34128630633
932,166774.34128630633
1980,166774.34128630633
2171,166774.34128630633
551,166774.34128630633
2768,166774.34128630633
2056,166774.34128630633
1159,166774.34128630633
2645,166774.34128630633
1174,166774.34128630633
2266,166774.34128630633
2462,166774.34128630633
1219,166774.34128630633
2922,166774.34128630633
118,166774.34128630633
474,166774.34128630633
2576,166774.34128630633
872,166774.34128630633
1077,166774.34128630633
1536,166774.34128630633
1150,166774.34128630633
2341,166774.34128630633
1931,166774.34128630633
2785,166774.34128630633
2538,166774.34128630633
597,166774.34128630633
464,166774.34128630633
233,166774.34128630633
2169,166774.34128630633
2123,166774.34128630633
1867,166774.34128630633
137,166774.34128630633
515,166774.34128630633
933,166774.34128630633
2784,166774.34128630633
972,166774.34128630633
599,166774.34128630633
2614,166774.34128630633
2582,166774.34128630633
1409,166774.34128630633
175,166774.34128630633
352,166774.34128630633
976,166774.34128630633
2134,166774.34128630633
984,166774.34128630633
2396,166774.34128630633
1673,166774.34128630633
404,166774.34128630633
607,166774.34128630633
814,166774.34128630633
868,166774.34128630633
2271,166774.34128630633
1633,166774.34128630633
337,166774.34128630633
2765,166774.34128630633
1746,166774.34128630633
368,166774.34128630633
2806,166774.34128630633
1662,166774.34128630633
1234,166774.34128630633
1373,166774.34128630633
1672,166774.34128630633
1939,166774.34128630633
