Id,SalePrice
2658,131612.0979854564
2718,159731.55895709465
2414,213843.16313673134
1989,110787.31719401659
625,166561.97982397498
333,101322.35251173432
1327,106244.43343484304
858,133227.6304732286
95,186584.41314573886
1568,167169.28714053243
2482,155454.214709814
1364,129238.49032047368
2584,152857.08695705037
818,314683.3230460917
2673,148300.34624108244
2089,132412.52492362808
1297,152570.89959128373
790,109074.81338328321
2616,191047.37060292898
720,181491.51219418892
222,145842.11916630846
557,124152.9776404675
1148,190114.85200849234
2766,172250.19516025786
534,181701.30249117574
1452,115596.9527622313
630,127380.4861763006
2648,117632.82322066728
125,157757.19725374
1904,71598.18635570994
1670,100750.01872958096
756,98877.31006961726
717,222814.73168529346
1032,160154.85170747916
852,210624.79055965767
1731,183052.03382848552
2639,118179.73452076683
2071,91780.97555471887
1267,122968.54873574105
1851,181602.3657502884
567,163205.463769276
2439,209926.0081844612
1898,149403.52726089864
647,148983.60339877938
2256,226852.46222007417
979,113027.69902673857
1444,220154.26255655361
2485,117407.56485182648
157,120501.93575367263
88,116435.10020519234
2003,109940.42584068951
186,192903.99014780013
1425,266480.60710954986
2695,127099.75884944409
738,102552.21158515512
395,154695.4088385884
1353,151260.17909378116
1878,134880.86797596843
390,170367.7876016203
1456,240422.35939906817
1103,318181.872332146
1387,117708.354039917
2070,136453.24439591976
1199,164026.15014474103
2479,168178.00550771927
501,297611.1504700352
2362,95274.26708866862
1718,212437.97152929867
2188,93449.73942239245
1483,174034.58633099686
2557,92241.04741867109
437,371515.213606006
2224,178579.63743442675
1628,179092.21345792053
397,120871.65529370362
587,179738.19063261617
971,148365.39804059008
2611,145127.50947305266
1887,96920.36478412451
2399,354071.2918139868
2148,203908.04677957052
304,117499.84051322065
1997,137624.00045140623
2817,111424.19285174449
1431,187126.61818904924
427,311179.5695970362
263,123494.987620668
598,163542.90930761088
2895,197705.97544121096
687,144060.1254026804
1822,130297.42331710435
2191,102652.18945100058
179,124863.28358821376
1009,211293.82797940364
2010,122655.03476256375
1991,134099.7993503786
1411,151058.83540623548
1721,251703.69595599768
1144,179719.54802347193
593,215294.07583818518
575,271159.7049982322
1249,164069.929335174
1604,119003.57940920962
1064,516921.9975314196
1923,156311.3384685285
1988,110047.44944004052
2325,176476.94455508582
114,184177.0519977823
2700,165405.86996908823
217,127129.30807812537
343,169015.24345245477
386,235356.19269115847
2005,121335.18695184878
2908,126319.75690042655
1814,241060.9111964825
2446,503428.60461861815
208,144450.66950003584
1679,119391.01015162173
822,335939.6486187669
6,199306.66482839963
1781,390936.4469420287
2397,278107.7212689148
2340,308936.8101643002
1618,164086.6297291825
2843,110747.31454223096
1061,386402.7635370014
2786,120235.6839187145
1935,129894.20587845781
1341,115871.263149514
521,287871.87948867754
2136,137192.85447147142
996,208597.56335743368
227,151425.4446734306
135,175617.15682138447
1167,162298.2974387181
294,193847.77847356105
1776,187192.56299855237
540,173695.82983518692
1717,209836.6778549001
2303,112040.36257688078
116,184182.0091938704
127,125958.75482756122
1371,128189.46161632505
1014,155999.3480422949
1507,106186.09011102398
702,138604.6141609846
750,137235.62543185527
261,140152.12209756553
1559,88392.36523294618
577,187636.43383701058
2812,193129.56947680272
2080,148022.73114205903
1368,119673.71879830927
2376,127673.95511069818
659,109510.33441537737
1235,114506.47641785069
332,99035.58898438423
1917,135417.62134466684
2094,237156.27704658022
1460,254020.72666216717
1471,217786.82471103233
1509,122670.77757571808
1922,120118.2464468857
433,561218.8030606743
460,259115.7713929945
1116,252297.5475523421
1137,172001.64351337953
53,185070.303020265
2354,251318.24614339822
1475,193730.76379891552
1761,713344.8070653239
842,138674.09307136026
2739,173326.4969065484
2509,168154.23390101988
1007,206398.5311707838
2610,175976.92258649739
1952,98049.95584995793
2719,168313.52258276948
2921,100933.62766205377
1966,126885.90049663215
292,121439.88526730816
1204,199319.69906503079
1829,244455.4358325062
2419,184593.06289505473
391,150449.37376642396
798,116611.87994488292
481,207182.53856572122
193,183205.83570611535
555,118036.24316561525
899,83831.0595942603
2357,174837.7503657959
328,141087.00952062375
1356,123225.81119765177
1154,104639.92305659056
1730,181117.50341593433
2249,160531.2572253741
1119,281217.2915611228
2856,134789.21693012203
1394,123323.65831687523
2587,120353.40618634524
61,290831.8946507186
2661,182298.9939473266
2711,124963.73594901562
1147,173310.12335666496
757,135429.6902891009
2623,92640.7205963842
2378,157286.43423022918
1413,128729.50130786038
1722,237145.65047624926
1112,218538.2551984001
1623,191483.8596551028
1201,176137.85308488895
1513,108408.40942784517
957,242039.5767351755
1171,285622.82913848537
1145,186888.18330178558
2726,212011.15609723123
703,160686.10951706895
760,90577.87008757619
1964,135581.48419309023
2512,179904.59478405924
159,152109.49114634452
1281,160921.80938766527
468,187202.64502028772
290,121582.10713334093
665,103466.01894599442
1463,267137.4094819906
1792,217327.84239876928
923,129168.2489168455
500,242720.86481640386
1408,165905.39344578603
331,93675.34475932374
170,109843.22202075634
2192,99761.55966817526
2571,280846.1840737827
2314,172344.55373585987
2647,93241.7003129301
422,442747.38809083303
2457,349928.1923661902
1838,198956.5919733864
2805,256222.76586974162
1645,145618.10338480253
1711,301170.21843365044
2825,238978.01359376175
322,342388.718985216
2103,267529.4463967389
342,115574.65733786524
600,118467.35235881741
488,187296.4924285672
1725,291584.3052645932
2246,273482.2063035891
2847,165737.35397248957
806,250256.84725287152
530,225336.07209255116
963,186849.1460646065
2678,88830.50529396278
171,95337.59363112239
2401,419942.58951579465
805,218435.53224778446
2259,194362.4009443175
1748,192480.28257169426
1361,127806.50168979575
1677,127078.0527483856
1406,155937.87505181765
2322,221706.52963506826
688,144947.85241872192
143,123567.69332266445
804,205360.92887767198
1214,154971.85389442724
2828,163915.77029663898
1999,202876.3042176095
2467,187169.79552636793
2665,158100.08841001766
1538,347689.55966050574
398,109718.367071445
2822,122719.26094476473
2157,157227.9540804243
1856,175062.49264015883
1269,108049.16795436665
2570,113273.59854939434
2320,249292.1745052608
1517,118374.7127177301
2304,111606.33017962647
1312,105601.89495279841
2012,143174.0210498194
506,216252.40962864165
2865,165932.4290310136
2367,117213.47965731706
554,106253.00829307242
238,122699.74286533908
1954,108920.59211751788
2488,146689.21398238908
2291,107634.63167790273
1969,104087.26664485059
2725,160478.50880449006
1482,170296.57075726913
2763,191665.97597676018
503,231472.83064180738
1584,250681.6155124923
1531,137898.69750478174
2210,143892.84118719454
459,314593.5160985654
556,124791.04647355402
1347,129207.62294734715
1290,90155.28654407668
1388,102747.10616700468
1571,199309.4491427888
2754,208641.22367358624
765,133627.64665327396
2494,114906.07165648112
2870,175213.38531151478
7,216422.82394613684
1114,239404.77017896436
2418,290128.0018064811
291,123100.08964137475
18,355718.0512907723
39,377755.96324338095
1001,249799.43007882847
2442,226849.44472081336
616,118471.10717482507
2680,81694.85989478696
1414,110439.94602980021
289,127555.14186600964
40,245547.47930783866
860,129610.47529499895
409,136851.5764878458
673,135329.55529790334
2427,188646.6115878033
2036,210755.19304223
2564,136252.66198870103
642,148722.32204608637
1008,171617.36497238313
1908,136849.7184206867
2519,227526.08719685784
1369,100946.58415190315
2855,154814.50744947884
712,87821.69004516282
1943,99041.40433913833
1958,124702.66685829152
107,180455.25204093542
2295,189803.31121345164
704,99442.99058536244
676,121185.88137978436
259,180155.84503913773
93,288509.1268528007
106,241487.5655994473
2315,177389.02199085342
1050,108384.66685301851
1095,218557.626938684
2709,139801.9861802426
758,141414.70103731405
1496,166851.24417814694
2370,131538.66005582293
2458,267179.74986703414
2733,134173.790007049
161,260571.72571674373
726,155840.47941634804
845,205489.83984888953
947,266119.951465912
2232,112416.76815513673
2563,139800.4538990438
2299,121514.77140990604
211,99589.4727252151
605,151072.9713502018
1478,208351.5182735608
2247,279618.60273824487
2274,194840.67828797255
2869,187133.21579553705
967,207419.6769284733
2656,107701.73402658259
667,194437.33515281984
1042,123775.15177695808
2023,150882.85845684475
2447,389262.2137721428
2055,131380.51491184867
2275,282730.5556173679
2204,155877.03401792073
1563,275859.5574883133
483,225698.91686564125
796,124919.40397101367
1526,131582.37895961665
2042,149232.18948058342
442,337544.2950550779
1693,314811.5337460927
1468,218826.79980894586
1430,179954.70908482408
2605,162639.42666377506
1529,178696.50412773874
335,117730.96201156061
1287,133482.3602283277
31,109746.58114491132
1785,262954.50670178677
82,153649.05577303568
2620,117116.77067736958
252,199182.48922966604
721,88968.52108642222
2165,182556.9535783751
2316,187837.34034040084
775,127119.28364570874
1558,95716.33319403116
17,212326.54906519098
1022,207118.92894997707
925,116839.78460565953
438,284135.27989866515
1270,133465.88130807973
1272,112815.32170946109
215,139199.0387113585
266,219699.39448138757
2402,281634.6406490119
1250,119363.93348307759
1984,110037.16572579698
1279,138214.46110077872
377,243363.2679769217
1252,139375.83049833035
2156,262224.33505051956
499,298993.51230808394
1374,114493.24748350006
2898,242946.27819551495
401,112011.3499431646
2721,172430.4998398781
2078,226089.27388085952
2589,113138.49666078798
1946,211746.5913516162
1334,121968.20924267008
2781,222050.95381668198
431,412644.4792312081
576,217928.34919821197
1474,202666.45343996715
2254,138655.89279927211
2155,312093.6962354166
885,117725.91194450133
643,125589.07667138656
1944,122483.0962369996
480,205706.34323828272
2845,100485.50298668556
2387,308564.6115741587
2407,210886.77106414805
2527,158225.91476166685
2514,162153.4592689624
629,163539.7949717039
80,196850.46738973015
1876,131179.4268407581
1546,123923.06954092247
2518,154078.2032588908
2347,160448.00756752543
783,198131.11938150713
1322,76335.75363934225
194,87226.76286256901
1770,266347.38779232255
2143,140401.86493258903
1229,214880.57051267623
511,300074.20976417785
46,230915.37598850168
1348,173000.0598646789
2465,185743.16551975496
387,236547.46518661405
873,224383.51274626356
1918,120504.95520512719
2764,247768.38006687607
2184,125302.69109003579
934,158881.2666082518
1920,122846.68696064476
2631,146866.00081270398
1768,636871.1471435535
2040,114137.3960312195
1749,227058.84702882826
834,223260.23852353467
1457,230572.51799491126
79,120345.52423300703
2302,121503.40417740562
1817,139764.87867943136
2755,225148.07814020346
359,181240.57163291104
2059,110224.99618001968
2092,241540.71473968358
2516,231001.57270954535
150,106072.1047645337
1656,143529.8120248487
83,96767.11156526006
2411,181744.8148738475
795,91869.23459993495
2312,225264.8501718009
2917,111345.29904385343
1624,178712.95677410162
2215,276636.3674653755
1211,143064.8714886683
1485,174577.33069772957
1024,158808.03244764512
570,191339.84959011577
2874,131058.63343294922
700,132559.03979257215
2756,199613.2019115431
2022,160330.66877242
583,225388.91976884808
2392,368244.70634508063
2424,201924.90502945482
212,108555.10574920759
736,128338.6329901324
1610,176274.3079492884
890,109294.47126961043
467,179840.10825918862
578,229999.51500041725
1747,193971.07429741434
1149,159656.35650258092
2758,234018.58987006743
857,125773.63734554523
2219,245670.77622256748
733,110345.2733521507
2909,122045.85511665799
1798,276498.15822092234
235,116981.24776652864
2366,149660.1033256277
1027,130087.65454450925
1195,128883.97005596173
1303,64918.47671988705
148,176103.92333568764
608,149782.15186137785
2515,185115.01437236968
821,278627.9953549196
2500,257024.94084015902
745,110313.90379425726
741,118785.41061938218
1611,116480.84715540653
2532,122670.33483057466
1081,250261.25363910952
1692,435450.5286052278
2520,196829.32456421078
276,112003.65658197258
1992,124320.38524978573
663,68167.92196705517
418,134860.71670165146
1733,194824.88049752967
2359,141662.3192882798
253,184781.9810554987
1518,166101.49593760565
2035,130860.36817989465
2919,93412.1661765905
1540,235718.55950296446
2120,137327.52874249915
1674,182666.42675168754
256,147817.85784649447
2361,100867.27074140613
978,95195.85136411701
2280,146004.64392009983
2095,220252.406833496
1709,338062.9915901791
2801,258251.21777984843
1246,109610.93726688674
2373,123349.75046983255
1055,264407.90958096745
2017,120290.4422706053
1099,239756.01343312705
1344,101870.96081346566
835,158904.64502357115
1117,194997.0336839548
2043,101732.24507369936
2085,122242.42986507072
410,156573.96127508912
2650,112542.44792366565
2867,153922.42357796963
1668,112568.28486797224
1161,173102.3261381817
2122,161823.4540421123
2539,129348.43883189742
1047,136481.67346286884
1445,115887.69733260105
541,129630.46400711722
569,203467.44022876007
1276,124804.13350702614
918,146800.94366111743
326,161628.2439495974
1936,116503.12882411855
895,95835.80641903661
257,142445.214437694
1241,174389.9610967909
1545,115902.35854527284
1189,167270.85971515535
270,157842.9215232673
2066,170346.90898953838
693,111077.14055732203
1259,152678.2255180753
2916,139467.9234561537
2321,276049.5654438078
1977,107605.56172937139
1895,141224.93902893784
1240,160228.60225890405
85,147561.71430207457
1823,115324.28389503708
825,301882.0361447856
110,221217.99675308887
697,118368.80109687767
2297,107658.29174502601
1231,128090.65354417323
1355,126805.94587524225
968,336790.81838362245
584,224343.19836492543
1315,116021.90345518377
1606,137693.10883542773
206,114068.99167997856
1685,356170.78294909606
2016,131683.09083412107
869,196993.48803480068
2135,123141.85514646367
2346,163520.3122245393
2430,250335.03430563438
2198,91869.61336622194
2652,120801.6674118499
27,110208.56171230294
241,174376.244243316
906,123169.58646784391
1506,111595.01563059707
2098,377477.665947654
1435,237569.47679020223
2213,117286.68810092317
1274,136748.21290482362
743,71366.09514541058
1737,195714.78792118296
2797,295508.8544206102
2185,86712.37385824544
58,188077.21629130226
830,201922.58849401903
808,129615.09115884661
680,138994.4626145622
1153,120889.47513573375
1291,132304.36039095468
1818,162254.50738403294
2161,184474.24074124816
1883,120279.82569482792
350,364730.19468437514
2473,143067.09016106225
295,164302.1410904976
293,186258.4260511356
859,132394.6741251074
288,77897.57205228193
1578,147689.6450730209
102,160108.970273342
2831,174903.5251961379
1030,158443.13036277896
2551,127029.2731991035
1286,142898.50814535283
958,328233.03281454183
776,128853.74075941942
72,209865.1857358636
2263,268063.61022383685
1866,150922.32923957592
2876,83558.01888427975
2146,254219.70401373022
103,181526.4811852151
1500,165924.8404975266
492,180748.37715475206
167,133419.17376103112
2597,122109.55864871602
2685,105419.33003435376
1035,138646.6785956067
1220,74169.22141781694
2602,146610.49154276025
2159,215360.92648756554
695,153256.0064540859
1109,242510.6190381918
640,169130.92140778742
1652,153156.7039522056
2090,191994.79339888
1188,176239.6627451824
2345,233646.53956928494
1059,448864.64195229317
2751,221622.90820585313
128,198038.67443071684
1523,170865.13582820696
2925,162876.65687121928
2145,293560.1265054743
1121,209328.72306995402
566,297127.26091531356
565,213809.62398958026
1331,126376.10708397375
2928,116350.89865505601
156,132472.21663748528
797,150140.30814276112
327,103468.92139279531
2859,131093.3456061414
1453,121220.56053041146
1762,353091.21525200154
1868,198337.664877863
1760,180963.9258436071
1113,253087.58136413517
1812,179959.23640231782
117,149339.90549818342
1142,213490.20332867568
2342,374134.3753426566
927,128014.94078334703
2478,175024.12238068576
655,86170.1707707042
2064,120007.48647044858
369,241328.04486144564
2239,115149.42495955345
2732,222777.83707275256
1653,154144.61155879774
959,202486.96757761308
2395,350555.4591648869
1412,108290.71085411096
271,257119.28438319967
1484,169470.18658613254
1497,146353.29912007702
552,168730.25745835263
2,109480.48241708327
1855,271653.9370277219
4,260177.61497721844
2292,157867.7472189803
134,130422.48183205244
646,110247.64673360955
42,298009.70245004934
532,209272.11263474988
713,105098.4156804269
2561,125791.44825378804
2360,124885.6247368813
1333,131207.4641018114
1407,172111.76457112964
2892,283715.4558425318
574,217354.35677200975
1227,190210.48397412224
2591,216667.41665823787
1476,208264.16612955922
1125,238435.8759161746
1446,117862.72763820534
408,115391.4857727398
1101,294781.0600463764
2251,185076.9470957034
373,186094.4470973406
2554,117065.10609901161
2382,274373.1841037495
1985,88873.0049968342
519,225653.30483370277
1093,185255.39188466943
864,262681.2102835213
2889,146428.56865606245
2308,177402.89596046213
986,147665.65804502505
1302,149473.96813201148
585,153952.2424174311
2708,137104.94800580628
147,121468.64548044278
1441,226137.7697480172
383,175618.25964599376
285,160485.03970591948
181,106596.27536512671
358,160629.14014454576
780,156537.38358947972
258,204692.78986014784
1865,198054.11648217117
692,124789.12232326508
2902,347382.240121457
508,249312.13971214095
2638,124526.00821535586
36,154539.786872174
611,171085.47555626722
2281,122559.84256219475
1678,139642.6407686379
1696,483246.8107773715
1557,89484.57899915095
2180,150923.16615240433
1726,229900.83099034365
951,153666.3481147661
267,224206.8634271596
2706,137205.55555829324
2221,223275.74018485815
1357,150672.4941281668
2901,329520.65762899764
347,190275.596344199
2164,196578.0185558783
1586,337544.56695641356
360,169175.70505950536
1769,233007.84354124044
2617,163117.7675306737
1879,137552.73192670092
991,221402.5923519434
1535,106878.98600102997
1191,147982.37531429838
1579,209197.7320318755
1882,131435.53703507077
1510,115279.29491998065
2196,140371.56631112428
1845,174716.67853651053
2336,359272.71636351314
942,98191.76800251193
861,124567.49622162904
2555,97726.98785256744
1392,133804.57443381028
2099,267529.4463967389
1543,138744.08248487243
948,259628.61432692778
1239,146928.0672685357
22,195707.38981122198
2796,228002.30095890487
2747,171955.9020731149
92,273430.0707535944
210,154486.0009111695
1858,224489.42847981048
2228,186606.7007455623
447,207703.3223036632
827,242528.74306252654
1649,201162.69688442003
682,120574.28630733301
2698,111151.81846743997
494,188029.2478158771
214,97346.14338164132
2441,230964.58086288968
2679,101955.40932510942
1336,127364.69713688928
465,195780.3911176218
1524,132915.2715271527
2543,113118.76475553021
631,114630.20873539986
2452,307424.00620841817
228,156978.37955170742
126,151693.49825285774
1092,226235.19665477812
1122,188566.4351785303
932,195117.63785624053
1980,92898.4142635375
2171,103467.01223457463
551,144129.13847942973
2768,167807.7043789141
2056,108172.97631977337
1159,353751.1585496598
2645,114318.95893797405
1174,178723.22306993202
2266,221319.88639541145
2462,420979.3076436181
1219,137029.39152053694
2922,187709.54925900584
118,130503.60381574184
474,188576.20508486842
2576,136645.00089681896
872,292617.7059917221
1077,231291.99661256943
1536,128380.89696637723
1150,115571.29626668357
2341,317278.2370520575
1931,134394.82286618656
2785,126822.61172528635
2538,118376.77462571785
597,212502.94024216261
464,203190.1974278274
233,205778.11798111067
2169,132830.76208411567
2123,167486.88026907822
1867,143908.48791948002
137,243422.65545179255
515,238163.31396441857
933,137875.6279465796
2784,164045.01270728486
972,162888.0683220577
599,154808.0931923229
2614,125563.52997380731
2582,149044.16915572016
1409,151814.2878098417
175,91172.03898334249
352,215711.80456888428
976,104727.81812325573
2134,190161.458489594
984,116366.55265053958
2396,409946.5625692187
1673,153697.76231673555
404,130030.02298482867
607,151561.40143198913
814,165885.3703905085
868,190192.11739184344
2271,176356.1743848245
1633,228370.16322556502
337,177821.0889209525
2765,147201.02860674897
1746,258585.84548768742
368,288632.715069103
2806,204235.03963499932
1662,182046.9354044905
1234,201526.51778480003
1373,133423.00109642398
1672,107353.90335411321
1939,121761.15315896866
