Id,SalePrice
2658,111361.78050366098
2718,168068.70366047134
2414,214298.15125829406
1989,109304.11275500583
625,168457.69392643633
333,94955.80363749694
1327,107188.29448260901
858,142528.3521950256
95,186772.13687586965
1568,168390.44366369135
2482,158836.46349800026
1364,124255.76583963996
2584,159603.35529046415
818,276242.67872130295
2673,137246.98016977462
2089,159818.92299111467
1297,140612.264763161
790,119988.65199668241
2616,195768.56627858683
720,176771.9161471996
222,157381.84801403948
557,120538.75332758247
1148,191629.83625403492
2766,163290.9924129656
534,185021.46632890517
1452,120461.71185236315
630,138618.41377058785
2648,122230.35764699751
125,146322.18628347697
1904,68093.98715527705
1670,105040.11296619746
756,93185.65051139737
717,165994.4684515617
1032,152230.56139726817
852,211190.09067608145
1731,200666.67505195632
2639,99367.17177499259
2071,82084.91161672781
1267,124373.04227062632
1851,197872.60856463914
567,160617.84693924052
2439,219691.23222054305
1898,146152.9601737231
647,170997.27652771675
2256,208319.70599951307
979,114265.26773037169
1444,214224.28556181234
2485,124405.718236501
157,125098.42429104442
88,115955.80213363895
2003,110063.66720278871
186,194633.92431088458
1425,254201.5852534514
2695,126163.32809989253
738,100921.1651716891
395,153339.05622531648
1353,168724.54468260412
1878,148521.88442062517
390,170540.84836545013
1456,218670.68148296152
1103,295914.9101831188
1387,115352.23170223307
2070,147355.7098702022
1199,167802.59157664204
2479,166162.4151819263
501,330167.80907569506
2362,105873.69699976813
1718,193687.4743659356
2188,96796.05714590749
1483,146586.28766814884
2557,97647.67707445477
437,349445.0638913878
2224,188639.3400728327
1628,197352.78325448738
397,128627.29640461133
587,178096.10687558787
971,169980.3520290811
2611,148209.67809592228
1887,109255.55786368773
2399,340886.6482268234
2148,212072.0042886231
304,111428.16257879003
1997,123058.3428024559
2817,118476.62367023643
1431,182036.30672997452
427,323839.17095774546
263,115201.16981872074
598,160998.02321239162
2895,239680.3834843914
687,149646.97195092877
1822,137093.47036105528
2191,98689.99421823933
179,132316.21040332245
1009,230500.5995552066
2010,120598.60198275963
1991,128571.56466610187
1411,151609.17569649642
1721,260789.46183184208
1144,173502.45409043843
593,210071.81152432677
575,267531.8204515491
1249,179799.8076725821
1604,127890.94217183268
1064,454856.958297944
1923,161744.3724173325
1988,114128.10613978599
2325,178189.74651153674
114,185664.44317177424
2700,169922.3352819759
217,115646.07471387551
343,166860.99990437168
386,236274.80327543936
2005,123915.73152202496
2908,148495.32439536104
1814,225218.6523388942
2446,553811.2859102024
208,142088.00153906335
1679,110396.98657220171
822,299300.44032352883
6,194538.46202062714
1781,366815.131260958
2397,296503.5444897534
2340,316128.38475467067
1618,164180.44433425236
2843,103926.8201799236
1061,354546.7124100148
2786,127464.84896002126
1935,134486.23740854394
1341,112666.51705632165
521,280233.8053439893
2136,133620.75153873637
996,190013.1413908099
227,150846.91973763134
135,173547.0675440137
1167,156583.13777754185
294,207146.3958389948
1776,200162.62619747303
540,185302.13971208243
1717,198770.54599554677
2303,124701.43704611593
116,173799.6156639128
127,142799.74904638386
1371,135084.78364503672
1014,181172.33646567122
1507,121665.99066835004
702,135341.45047706895
750,134977.28503370762
261,150327.26144538278
1559,91039.37861886287
577,196864.55723214106
2812,201852.05377998078
2080,159215.75721704718
1368,127835.35955589543
2376,124315.51469575783
659,121112.73486367884
1235,122767.02972677015
332,99113.36453229786
1917,137513.77278940217
2094,228622.87918906918
1460,254749.4359277022
1471,195539.29765956805
1509,130577.328143858
1922,131622.60388817784
433,498572.2253256927
460,298241.1683431837
1116,246643.9899104389
1137,166339.16796137483
53,181806.99034719184
2354,247247.46515997883
1475,197524.38939169643
1761,670059.4873474342
842,132879.26765668482
2739,164124.3293139368
2509,170087.64250370406
1007,223418.04154597793
2610,171946.02790103652
1952,105543.6516751497
2719,160686.45612759347
2921,94964.98740344305
1966,129534.85204092078
292,138049.41012771687
1204,193199.8179275932
1829,251203.38728142332
2419,199250.14177369923
391,161805.4654175571
798,120677.53966951696
481,202835.92823568193
193,163790.15150036386
555,125823.1172841964
899,73956.9462725736
2357,177111.93287697082
328,121522.77121197146
1356,126282.70149483747
1154,114638.71876160412
1730,186252.16216219196
2249,147208.8444611309
1119,259284.66155171403
2856,136144.44589908572
1394,141489.6962805833
2587,123698.60728177063
61,323514.3273039069
2661,171051.24849648995
2711,130734.17239429717
1147,178923.22353607774
757,136985.6015145982
2623,97449.49812638483
2378,153112.5255255796
1413,137921.88195711758
1722,254420.19153954578
1112,209038.08574599132
1623,185571.8133950658
1201,176053.25995882528
1513,117258.38833064273
957,452724.88450253534
1171,268351.2121194387
1145,191452.9773897884
2726,209975.9175932529
703,160870.92774839772
760,94722.12391285178
1964,141194.35651288697
2512,184094.64443622128
159,143188.04195569872
1281,161048.63058722793
468,186564.9474748223
290,123933.29759553586
665,88447.75758269137
1463,264759.33266434376
1792,213780.3844072932
923,142577.22640826958
500,266490.13057008333
1408,171704.54002759833
331,93393.73052441666
170,124201.7384558611
2192,101874.34115483392
2571,288001.05569430266
2314,176985.63280414627
2647,93009.79936982995
422,448796.41093618295
2457,311510.0481053303
1838,206829.2877976001
2805,256427.5337314274
1645,156692.88863042337
1711,315219.6679164535
2825,246693.28712171357
322,339776.82507131697
2103,264965.1214546007
342,126875.1125026643
600,109688.4897480318
488,189356.66605002325
1725,352520.96734926954
2246,240657.83261015624
2847,177979.83167624768
806,248852.4032245268
530,228323.6846662049
963,177157.88318702983
2678,87088.9297570885
171,99901.51617396779
2401,444858.4460711963
805,222131.46509814486
2259,237621.05641702437
1748,201444.34253223747
1361,126196.46593732954
1677,123433.74643619343
1406,159322.61750177896
2322,245067.23097385408
688,149120.00306870768
143,127398.62845226162
804,212367.1583015707
1214,143422.5098247716
2828,143108.40284734225
1999,156595.05567872798
2467,194012.06598397944
2665,152579.45274016145
1538,367456.04171811516
398,104504.1945344066
2822,127438.26269369926
2157,137988.16593777272
1856,167665.8435758236
1269,121421.12710796423
2570,117526.74683290045
2320,241636.98706027662
1517,110343.99408561042
2304,127068.54346399303
1312,109926.68260553115
2012,124517.14039670983
506,253934.18750266597
2865,169233.38794763983
2367,114509.79033038825
554,93045.20521415815
238,120084.63619917168
1954,118673.6241821346
2488,146787.05012334514
2291,101340.44236002961
1969,113027.43678041604
2725,154062.71261621636
1482,146586.28766814884
2763,196988.33254315777
503,245137.88726319248
1584,249113.2794619957
1531,143046.69383545802
2210,128540.41951761932
459,356019.564817921
556,122918.01271293547
1347,117201.3073113484
1290,92944.72024197206
1388,115519.58243144798
1571,313809.0671497362
2754,208977.08685658858
765,132191.0351346992
2494,120867.881423594
2870,190832.51452359016
7,227863.48082350596
1114,222519.57406217817
2418,283159.7875526465
291,139733.5224809694
18,343654.47436549695
39,360242.17828032194
1001,263181.64440726425
2442,239090.7029328019
616,130201.34771723213
2680,74174.06986502351
1414,114876.49611714153
289,130426.55956457714
40,264606.4428438668
860,122144.44040510946
409,134264.6374929545
673,140063.33743114118
2427,185468.01422051125
2036,208569.7345368681
2564,149397.24316707256
642,160101.88495257084
1008,173144.7643381381
1908,140963.38641638093
2519,216440.6005906396
1369,97314.08273643366
2855,159800.0763415334
712,95494.257106332
1943,123604.76568981515
1958,135604.89484896814
107,172914.50515254302
2295,207836.5972015048
704,90637.96027091562
676,130123.29407265759
259,173454.04509127457
93,284987.51005055726
106,245236.41226030694
2315,186815.5002893678
1050,114502.50846157059
1095,210069.60333636354
2709,139560.3105965252
758,128075.23088149368
1496,156659.26978468875
2370,125180.44307206178
2458,277195.12070586
2733,127663.3452915149
161,287577.9394579318
726,145213.08328507718
845,197720.5022565998
947,252806.73437603185
2232,104194.66857020916
2563,152245.84471944656
2299,113360.99912690578
211,94279.58632135853
605,144754.66465182445
1478,210421.91506507254
2247,235705.24926316328
2274,174872.26412843785
2869,171492.1482531093
967,219266.5151756428
2656,103575.19061154785
667,180008.07986734953
1042,122072.66682984575
2023,160604.52068068014
2447,380020.8798639101
2055,130595.65979432157
2275,272398.1903994917
2204,166590.88764303483
1563,237276.06795299202
483,223221.99133429004
796,128629.16226102927
1526,145932.13036889138
2042,135800.21278950578
442,344007.6150080246
1693,337631.9592099521
1468,214267.04384603215
1430,184299.4829529932
2605,142174.49718730283
1529,202810.72310574935
335,136570.62835725618
1287,122020.39206700676
31,104973.18243011204
1785,252669.79824014357
82,157655.53235274614
2620,122158.93192030229
252,195272.16060480662
721,96776.79420378314
2165,188749.83234915714
2316,175206.40299998975
775,125287.44254403093
1558,91132.05740216548
17,214511.12089489232
1022,222424.74231058173
925,125631.60144128543
438,285885.14950345474
1270,141951.6682282131
1272,117310.22329276279
215,128145.66444467955
266,221289.37011391416
2402,277153.9808773168
1250,110096.18345471092
1984,103461.70648070246
1279,131991.97053030093
377,253304.00053611328
1252,154060.88954167793
2156,248382.9154343135
499,324130.0432277085
1374,128824.12494015091
2898,216212.2431262351
401,109913.8275897762
2721,175061.50774266053
2078,258886.3784582827
2589,120647.64872994075
1946,199435.65826994044
1334,121687.64132812098
2781,231433.76380736232
431,402636.7706276057
576,206573.15747013033
1474,195510.4429571538
2254,149685.65402459571
2155,293392.31559108244
885,125477.23266129568
643,138825.3532628872
1944,124069.51826237334
480,213993.4142265858
2845,100087.39970387603
2387,322128.0583021515
2407,236274.82304741346
2527,152814.38708842907
2514,167888.39403919977
629,174919.78325689858
80,210460.3197794329
1876,136581.40569796864
1546,126656.43606595288
2518,155408.8806113859
2347,153177.7911886545
783,191860.77678364477
1322,60685.627191525964
194,72789.01102350203
1770,275231.1126033912
2143,133286.86176722858
1229,205674.58385613645
511,251095.85191455515
46,239470.96065621288
1348,162594.8958801673
2465,192625.47853313846
387,238671.23061690564
873,205292.31334624923
1918,122582.87799761156
2764,242929.3278928085
2184,128423.18931020048
934,139449.2527821018
1920,123848.20006813173
2631,142542.3238506291
1768,656768.2601247921
2040,105886.75797648478
1749,226461.55371648283
834,213726.01567785605
1457,232788.26286026425
79,131427.02798952922
2302,119024.16634012322
1817,135051.0820515204
2755,222994.2465580232
359,177402.4385591116
2059,117462.32804885699
2092,228168.87177910662
2516,243205.57689940513
150,115075.9238969803
1656,140894.93375191817
83,89857.5659176363
2411,190586.49255857427
795,89170.7022407923
2312,234022.3363858644
2917,108211.81797051521
1624,180079.83746203332
2215,299983.58624777605
1211,148598.85970224452
1485,147229.41529333222
1024,165279.26190935873
570,178981.0024027993
2874,127711.12474706022
700,111012.09870845148
2756,217156.99419020306
2022,160490.3138518166
583,223862.9398916029
2392,395049.7073525141
2424,196488.5966055907
212,96520.38783235507
736,122005.87250057765
1610,169880.47221282788
890,113121.00117911433
467,186094.13525768003
578,244240.3285986717
1747,190604.8754605338
1149,161967.46456341483
2758,223044.41817194805
857,129431.488096492
2219,278945.3766541081
733,101111.86965897265
2909,120362.16806959957
1798,251550.6800684739
235,121268.20436773424
2366,129852.6737537495
1027,125522.44698894456
1195,134436.59436350805
1303,52652.857499329606
148,174102.77401811394
608,144409.62180039636
2515,214157.3624207559
821,263664.61128233187
2500,304269.26340666454
745,108026.84651145987
741,108019.36241953672
1611,157181.4298791094
2532,123366.55919033349
1081,208185.38432988388
1692,409225.7513214667
2520,185227.13423512995
276,124518.58060502323
1992,126818.07066641885
663,66875.56956487286
418,140597.5817548136
1733,195500.30023787316
2359,143133.5579936748
253,188089.0984688819
1518,179860.6420342766
2035,132061.93521134887
2919,94369.14477807704
1540,232821.47642989652
2120,137814.15060145833
1674,185936.1977383781
256,138695.64443057164
2361,107356.91042471844
978,87559.21751262217
2280,133851.68701209128
2095,212552.19819265755
1709,312679.3088910301
2801,232395.11368219633
1246,120348.22023944258
2373,119852.87618128987
1055,272884.99266952946
2017,109161.12667178646
1099,286158.02940397273
1344,92933.89542674634
835,169177.99132274953
1117,214838.13238926936
2043,104889.60828518016
2085,126889.74848049642
410,152464.39734301728
2650,105710.13413079645
2867,167498.3374143625
1668,120560.42444160412
1161,178345.9537658473
2122,167694.16837494023
2539,128194.12562187696
1047,134561.56647669428
1445,126591.5538306072
541,148564.48301795672
569,210147.57684668683
1276,128071.65669924286
918,152448.48219336997
326,166140.6983624222
1936,127251.44453425804
895,100071.83885460474
257,131847.43074702888
1241,178508.61299276102
1545,112661.13932977915
1189,163596.982691898
270,138658.81349389884
2066,191844.8908926936
693,110836.21380428722
1259,130103.68028047831
2916,147786.1592789543
2321,268803.6396554183
1977,90093.04574360655
1895,157081.54241250816
1240,156255.66330744585
85,140940.78071836536
1823,107254.51931780172
825,296433.7695601051
110,215664.49888962458
697,119165.4652306464
2297,113702.51272133361
1231,123492.3628145255
1355,134445.17856876235
968,314571.5304248347
584,226076.55701302976
1315,125376.94983439562
1606,126531.93920978208
206,90203.00422907066
1685,343316.1431987682
2016,127741.98258230578
869,206519.7863179873
2135,120650.76494861399
2346,169007.661077804
2430,224298.40540182652
2198,84531.0790210233
2652,106665.04289449287
27,106125.20498020045
241,174007.10583123245
906,127819.61520450721
1506,132048.33425290041
2098,329556.3938518085
1435,212888.04690461702
2213,133425.49242322854
1274,137492.21950250617
743,61157.25942350986
1737,204665.81536013418
2797,264840.92489967024
2185,91787.75626711424
58,193360.89704535154
830,189288.792784741
808,136609.7579054931
680,150460.37666282375
1153,100382.339318062
1291,130684.32900759904
1818,175357.06363133274
2161,195588.87944711788
1883,124259.7159365247
350,352360.64882752777
2473,170077.07174536368
295,163481.55983404958
293,217855.55038908048
859,133908.20603394613
288,69008.91686377868
1578,151509.09008308314
102,163498.77675277414
2831,164495.15552325084
1030,160768.10426953377
2551,134605.13553086293
1286,140766.40387220733
958,299511.3216838923
776,123793.70120875233
72,191477.03699841863
2263,257561.2293701401
1866,147438.887246959
2876,83356.40888804581
2146,261180.32753099006
103,181987.41629418536
1500,141434.49135550123
492,191597.86406326282
167,128441.40406251892
2597,126487.96880250206
2685,103033.03951254424
1035,139463.3632804884
1220,74328.75111720637
2602,146760.69416519365
2159,217209.16375523328
695,119342.4379207918
1109,265463.65440425376
640,156452.80257382066
1652,149008.2199102378
2090,198443.16047042568
1188,170319.70260672527
2345,234491.0366977121
1059,399793.1366867915
2751,221566.1615045761
128,201413.96913597547
1523,165718.9097918716
2925,157990.0434149647
2145,262527.4243026713
1121,226045.34120424266
566,272237.20880349795
565,240630.99715359538
1331,129965.24658035133
2928,128693.80062543067
156,131634.98386585497
797,157531.03689286608
327,97127.520221287
2859,150972.18856011564
1453,119572.86407405665
1762,347351.5660681057
1868,214325.2195348653
1760,191061.045556356
1113,252761.25619538888
1812,185015.15740553115
117,145762.39965657005
1142,204591.52904935714
2342,390272.2777469786
927,125383.1480729773
2478,179261.06423462206
655,90602.7273481942
2064,128747.60654327314
369,256774.63826735714
2239,113950.75182933905
2732,197157.29781851405
1653,156114.64830601498
959,211756.29922596927
2395,342740.680907571
1412,98783.57252073062
271,261210.40602284775
1484,146592.21823856037
1497,135482.1595638591
552,173048.1944295471
2,114519.4990559809
1855,273315.1120021076
4,251141.31995690175
2292,159561.34762986813
134,135128.76259959448
646,109788.62864709982
42,323636.4443747695
532,221549.6471956654
713,109077.97527538505
2561,126746.24823141903
2360,143311.5456861874
1333,126180.89217426507
1407,214382.38518515017
2892,293075.83634222683
574,216197.17864024214
1227,191542.32472418825
2591,241027.3473723393
1476,201371.42382442762
1125,257430.29721020703
1446,123610.23223602955
408,113017.24721370137
1101,293360.85036231246
2251,170830.17746188832
373,187074.6259570391
2554,131448.9792595484
2382,269437.99608117866
1985,74835.38772015447
519,224077.32523307094
1093,188547.79228176503
864,267685.42126785027
2889,134246.16175644525
2308,153997.35926841258
986,137591.5632655796
1302,125155.31231042834
585,156006.16134003637
2708,147643.2086262412
147,129219.89829145212
1441,221620.1069816236
383,180000.82858185953
285,165729.14624810574
181,103918.68496351813
358,167888.9439062262
780,180870.362566979
258,201742.7553682241
1865,185323.64151803005
692,123927.61153470575
2902,315736.8890693698
508,246474.74577987983
2638,124333.99941113156
36,150235.0537682257
611,161525.64993145823
2281,116920.5278835749
1678,136015.58757572132
1696,442752.4213823211
1557,87160.2723561332
2180,141721.77283760306
1726,258322.69466888
951,151375.0765835099
267,230796.2203153768
2706,131342.19082771376
2221,224558.98787518323
1357,150839.30713700777
2901,300633.2180021096
347,193730.52187982094
2164,185646.69906975576
1586,300876.57412358775
360,172792.81905454784
1769,240688.1892370289
2617,182061.687823116
1879,152444.3314894347
991,215686.50615398283
1535,116798.30129567254
1191,148501.70178185392
1579,203601.46105131958
1882,143345.66696846244
1510,123189.03151817298
2196,138226.84560125714
1845,171633.46132763443
2336,416134.4542698758
942,85644.57717095019
861,124189.36387758525
2555,103076.78592679407
1392,144002.2601231872
2099,258779.38214679534
1543,128127.81073535497
948,245228.654796134
1239,149130.96001737323
22,183161.82700811926
2796,206727.10297580424
2747,167445.88507382694
92,294803.7163787284
210,170123.24387351333
1858,215803.68661180767
2228,165260.00985473543
447,234058.59039184405
827,221490.21581849267
1649,214584.28826252528
682,130695.26307341384
2698,106788.92382654763
494,189358.62286340233
214,96554.14075684796
2441,245023.6983922508
2679,82426.29871158999
1336,115369.4895871637
465,200266.7464620704
1524,133109.6633482384
2543,110063.8040837683
631,121408.32599229038
2452,304718.1219635514
228,162544.3872774607
126,165258.82230467378
1092,238821.83522871585
1122,200595.36979750564
932,193416.24715250405
1980,95155.44244494657
2171,110508.36028768642
551,146636.43356599222
2768,161796.15694947983
2056,115132.73702972537
1159,381392.72025890154
2645,94923.57490372674
1174,174371.79658854616
2266,217008.10456198597
2462,363052.2092927153
1219,148852.981424776
2922,171686.07058564783
118,127488.74345567255
474,190785.49778103188
2576,146565.55463038833
872,273801.7544354768
1077,253313.5504253522
1536,121398.37990363233
1150,129093.82978255121
2341,317590.13794301753
1931,149218.56679341258
2785,126260.00872383262
2538,125218.39863083922
597,199433.44383138666
464,214844.58158096814
233,195522.31306180987
2169,131804.39980100218
2123,167876.34643668498
1867,143052.20131579772
137,236897.60099270954
515,227779.35252755004
933,128932.31584944794
2784,156344.30423026098
972,149512.71365262428
599,153819.72939243776
2614,135479.12742200133
2582,136493.74794287133
1409,156767.37951050012
175,78445.70438663755
352,236389.92013754218
976,96382.86654396607
2134,198617.96024014297
984,127284.38432898495
2396,387222.9794943711
1673,154903.77690373745
404,113038.37319910717
607,149081.57105502064
814,148736.61135811516
868,193310.5021834455
2271,183029.75426980562
1633,239770.96740619704
337,175996.72517464127
2765,158458.35051436195
1746,232726.21780746343
368,333305.176593286
2806,194692.32949603166
1662,167075.7887278636
1234,195821.26411831932
1373,142521.97130753976
1672,104682.7977446852
1939,125984.68555099821
