Id,SalePrice
2658,130515.04876189966
2718,158959.48650805993
2414,216932.4164318603
1989,110029.16739322043
625,167349.17676779602
333,103049.78309837372
1327,104567.04785632376
858,130480.53016877836
95,187104.77519102226
1568,163608.98263196214
2482,155739.41555967173
1364,129003.95470151243
2584,154913.02778898153
818,315208.3552211607
2673,146748.99770327465
2089,132481.76840564064
1297,151041.03828491256
790,110803.58025491076
2616,190164.75815532688
720,187166.8103918018
222,146955.03784586335
557,123263.39347988556
1148,189073.4098215613
2766,174205.96141379318
534,175775.66787474343
1452,113846.51580599789
630,129757.85094209951
2648,117207.11547910073
125,158392.85431956218
1904,72174.8160497031
1670,99390.97431276501
756,98629.7059416717
717,224157.07154556358
1032,161827.3368205183
852,209431.03708056337
1731,185543.8359644748
2639,116266.11151363836
2071,93611.17671206816
1267,124880.66053659297
1851,178060.1065658367
567,160595.8364205393
2439,208603.27379457702
1898,147077.2216244338
647,150431.51115362818
2256,226091.36924532923
979,112141.39239078746
1444,219781.911200531
2485,115777.25072201574
157,121110.16856608601
88,116792.58946338229
2003,109167.19025416576
186,193814.14923971036
1425,265645.13574831386
2695,125748.08164894124
738,103674.8035320173
395,150714.14570628066
1353,149564.12796768697
1878,132155.2676963016
390,172130.93146715435
1456,240360.06079056076
1103,317067.0724588482
1387,120393.50728292925
2070,138426.3435554057
1199,164704.41337310895
2479,168525.26548001502
501,297067.8029374468
2362,94949.62803813646
1718,211763.02249827646
2188,94566.00763018918
1483,173706.50347886817
2557,91950.13995303978
437,369698.62081731774
2224,178187.61412166408
1628,178546.77799800187
397,122677.32229937083
587,179900.1424769027
971,148915.83757697468
2611,145442.4360254988
1887,97235.48675773546
2399,353264.2474077384
2148,203539.66297480554
304,116767.5616387426
1997,137336.67180250498
2817,114794.9839826854
1431,187240.93160459338
427,313178.02310262196
263,121747.07130093452
598,164599.0419103733
2895,197205.413041426
687,142887.4699739503
1822,128116.64890470436
2191,102290.32896131917
179,123453.181992372
1009,211768.25789283356
2010,121393.49310024663
1991,132597.77887773915
1411,152081.8214888058
1721,250592.884417151
1144,180122.63946777905
593,215827.1852175355
575,271622.8172504578
1249,164399.5863811295
1604,120470.03215733512
1064,513655.1495539949
1923,158691.67849522945
1988,110660.69238530014
2325,176291.90312463418
114,183650.28949911252
2700,162156.88480764366
217,126932.34929654736
343,169572.0660180046
386,234191.3434817307
2005,121080.04774411897
2908,125029.91908467776
1814,239625.91477752838
2446,503317.77753445145
208,144153.2573034179
1679,118147.61298570916
822,334968.9289518289
6,199755.44569907212
1781,395900.50645103614
2397,281855.671352881
2340,307628.6241918824
1618,164477.63663129654
2843,110668.69177123166
1061,385602.98262018256
2786,120553.34684634321
1935,131736.0724198373
1341,117156.13883622347
521,286971.5677355898
2136,134726.98132697804
996,207700.5311141423
227,153483.0138072604
135,178054.96527035942
1167,160148.9684703289
294,196542.8954433137
1776,191305.27163768947
540,170232.46717812977
1717,211807.39593419305
2303,112271.14154070409
116,183413.18374746596
127,127943.59498935954
1371,127245.1488763666
1014,158401.44406758415
1507,106866.12746126846
702,137084.43507471783
750,136457.277716609
261,140928.8176366739
1559,87951.47517803099
577,186849.89108493883
2812,193072.4648968452
2080,150418.01472116858
1368,120544.92357930903
2376,127304.83689505169
659,108432.52663915406
1235,116334.68765817104
332,99579.50275580944
1917,135793.1879415747
2094,236983.21358574188
1460,253327.8920714747
1471,216299.02038748527
1509,121240.93807760738
1922,121840.28643268866
433,555834.4692258665
460,258159.24941546403
1116,252677.52715083916
1137,168850.97416043983
53,184637.28637913064
2354,253325.41403336724
1475,195544.07161235728
1761,706223.6513367116
842,136578.91759341286
2739,173001.8186693345
2509,163726.1082186377
1007,205459.20082854704
2610,176576.38688357722
1952,97289.89518561195
2719,167555.2576837226
2921,102606.69817170447
1966,127187.44877686478
292,123230.69819642625
1204,200262.3645692882
1829,243248.66379873594
2419,186760.00615120822
391,149970.13281701203
798,115285.77840254939
481,207568.3315565298
193,180950.26612432057
555,116706.94286214709
899,82988.27784087225
2357,174934.16006692406
328,140919.72702659215
1356,121133.24540732235
1154,106332.54127153535
1730,183476.89053504643
2249,160640.32603902277
1119,285622.7925017223
2856,132467.73354990524
1394,123581.64993673969
2587,119197.95357583542
61,289462.467549351
2661,180567.5705189686
2711,126949.90058054676
1147,173981.20793034197
757,138138.2527904551
2623,91610.73730165415
2378,157423.26393216744
1413,127009.14970873679
1722,236383.34372595177
1112,218775.3718230934
1623,190910.9624426328
1201,176039.15993965004
1513,107152.80187834836
957,241202.27101793574
1171,283904.7778924594
1145,187426.75240452818
2726,214418.4933332161
703,158799.89547271052
760,91331.58829508652
1964,135980.50556561456
2512,177429.92008071442
159,150129.23452907964
1281,161168.3856501747
468,187450.8582644683
290,120711.58412609722
665,102140.23554085703
1463,269722.5823098143
1792,217588.33523073778
923,131157.07572455888
500,243166.50279212178
1408,167067.8995699443
331,94099.0201389729
170,112520.9649784334
2192,98275.80886293779
2571,277504.5431945072
2314,172253.7224001756
2647,92384.99491088284
422,441417.46400143317
2457,350980.9658311409
1838,201186.32787900895
2805,258721.9253430569
1645,147714.39234091507
1711,300556.8557233119
2825,237393.58071970596
322,339223.9581548209
2103,270218.29351516435
342,117511.71750023098
600,117076.83690833524
488,186625.0577909455
1725,293457.2482983501
2246,276591.7554262145
2847,168488.63748497216
806,249341.6131610687
530,225426.7754036685
963,188140.20697377092
2678,88193.02125575847
171,96435.82611343739
2401,422409.01176462614
805,217808.78259745028
2259,194517.22382157258
1748,192708.00047811697
1361,126153.90573859104
1677,125211.07391629358
1406,157128.99888667266
2322,224355.0962621302
688,147442.71381675912
143,123900.14383979562
804,207190.013003594
1214,155425.59693774715
2828,165713.62886318658
1999,201025.40057216966
2467,189630.08309518063
2665,157657.96631711646
1538,354560.28334357624
398,108675.65560097333
2822,124343.12772355117
2157,157686.50900562265
1856,176363.77410811651
1269,106632.00164762558
2570,115060.20357210512
2320,249716.84454456886
1517,117314.1045873617
2304,111036.64693844825
1312,105627.75926683593
2012,142951.61721331655
506,216991.11091243735
2865,164322.40364470874
2367,115831.71371420733
554,105716.63036319589
238,124378.67406809649
1954,110743.42582847516
2488,146215.60308325695
2291,109408.6978681624
1969,104271.95944124687
2725,158182.17445665435
1482,170084.69620912758
2763,192007.64106179785
503,231265.57028431084
1584,248959.24524824653
1531,142026.61301197394
2210,146959.7215287427
459,317001.2531417544
556,123062.52000429669
1347,128521.23592815326
1290,89400.22660866915
1388,103196.78286530385
1571,199398.27361168014
2754,210604.43217635737
765,130979.62559438207
2494,116616.32135505673
2870,176200.73006020687
7,216021.12004232962
1114,242346.926444025
2418,293984.60001347424
291,122953.98169897118
18,357104.35078333126
39,380687.0061792186
1001,248053.82780389165
2442,226150.86456343983
616,116406.34073342913
2680,82208.1789053951
1414,110568.90813515008
289,126344.088000762
40,247534.3019081457
860,126268.1002640046
409,137396.66084032884
673,133133.77007913735
2427,190495.8485439438
2036,203959.55121990023
2564,138584.8630027968
642,146635.49509927726
1008,171983.1919540966
1908,135592.81175610507
2519,226849.69796053943
1369,101182.09755679291
2855,153353.75295329484
712,87468.86294696553
1943,100751.46027223865
1958,123274.02742925419
107,175039.2178229189
2295,188279.58148798416
704,100532.0818005232
676,123448.36154247232
259,180642.67011213978
93,288335.7013679732
106,240797.58471933389
2315,177021.98178743775
1050,108737.22417244081
1095,218684.61609050882
2709,141482.83281766783
758,142863.91758961073
1496,166670.9789156186
2370,129700.71775988612
2458,269934.4956825298
2733,135001.18907498955
161,259591.5379381501
726,155626.52956684722
845,205012.84563250424
947,265560.4867806132
2232,113779.16372880008
2563,141756.44043830602
2299,123062.8912106503
211,98906.30863566734
605,148766.65066707885
1478,207259.13388616437
2247,279356.94223071804
2274,194858.64238219016
2869,186462.43597215178
967,206829.1618617752
2656,109336.58618873496
667,195198.7807428366
1042,122465.58430638477
2023,150144.7534432575
2447,388491.7574165493
2055,129390.54735518839
2275,285370.68285230536
2204,154415.11883932515
1563,275239.70476719545
483,225309.05761790494
796,125042.20741596053
1526,135052.43855461935
2042,148605.49646051528
442,336541.9547199099
1693,317810.4921554161
1468,221011.49636252786
1430,182213.14827317846
2605,166883.6448248689
1529,177019.98562568726
335,119440.18920272001
1287,131975.678575685
31,108756.09178889445
1785,266030.6378233743
82,155325.88761858392
2620,115643.31779652981
252,198877.4838574563
721,90488.63900968214
2165,184530.01448861006
2316,187310.76964959482
775,125315.47930913606
1558,94548.14483659559
17,212188.22795978645
1022,206028.823476028
925,115965.32863609916
438,282716.4573502453
1270,135051.29252734143
1272,114449.79148145225
215,138572.24403862367
266,219291.70130320746
2402,280900.96116772
1250,118577.99040864343
1984,109535.44586351866
1279,136702.19959782469
377,241757.65536414544
1252,138353.22697252597
2156,261741.12861826146
499,299807.13951431576
1374,116699.95281155418
2898,242982.11078082662
401,110927.32275580155
2721,171619.96802268364
2078,225640.16212084334
2589,113567.80571962074
1946,217320.10858857617
1334,121505.3005542662
2781,221029.71999910308
431,415330.07767767715
576,217043.84667647202
1474,202993.3052864455
2254,140383.2971858475
2155,310227.8243942101
885,115365.7126960709
643,127607.68227857415
1944,121470.78923327361
480,205725.22373035338
2845,99423.82912916715
2387,312104.8994513133
2407,212720.99644124787
2527,158858.89931473465
2514,162686.52901186695
629,163399.7558215957
80,196915.50206018175
1876,131009.68835887942
1546,122535.69709704793
2518,153804.23753879333
2347,160275.84661006328
783,200223.5736700743
1322,76019.669676732
194,86465.91741554608
1770,266508.7011301831
2143,136717.56784122204
1229,217842.53673373058
511,299734.47574654064
46,233102.55237805832
1348,170507.23343564817
2465,188231.19536537534
387,236959.39101793797
873,225826.14505129814
1918,119155.80111056495
2764,247129.2441712317
2184,123452.97584383146
934,158841.30907518032
1920,123117.81279554451
2631,147400.62863422369
1768,633566.0717276473
2040,113793.28511572188
1749,226866.5778831957
834,225524.57629504
1457,229271.19059856806
79,122025.61793364926
2302,122871.96028839058
1817,139957.8485574629
2755,227582.5309590328
359,181066.56205415988
2059,110482.95490664757
2092,241187.44754915813
2516,229180.11668685876
150,104677.64035510617
1656,144598.8602880253
83,95833.63078113251
2411,184008.17073548012
795,90679.82374682886
2312,224436.34940423764
2917,111600.96024666597
1624,179128.27996018002
2215,279795.8433672068
1211,143515.89457609132
1485,175014.2259642832
1024,158812.01997781266
570,191622.05238206667
2874,128984.84875565706
700,134686.4753676158
2756,201347.7914676645
2022,159171.35429160067
583,225327.5063035384
2392,372256.79682973365
2424,200430.20132828318
212,109725.01744858087
736,127140.09977014286
1610,176192.50225058667
890,109668.27601026728
467,179956.27327205538
578,233477.03629912453
1747,193597.87645497816
1149,159966.55793915843
2758,236193.9044979655
857,127539.40225313377
2219,240476.37203728693
733,109570.59687854322
2909,121919.3994120874
1798,276327.03618047835
235,117583.11282140917
2366,151555.11527600605
1027,128477.52315251685
1195,127487.22024997156
1303,64465.539405823765
148,179030.6063163583
608,147709.83145032314
2515,186387.68211794703
821,277314.0602942506
2500,258844.39114874922
745,109167.19331917974
741,118415.34998991057
1611,115585.31860034059
2532,122872.68380198276
1081,249086.70153250563
1692,439046.01123816555
2520,190579.2354475712
276,110602.56016643971
1992,122916.662167867
663,69125.69790268347
418,136665.60003568864
1733,200651.25551587687
2359,143824.85627459615
253,184453.65033577709
1518,163969.70236188677
2035,130045.07807308687
2919,94008.90007028617
1540,236631.58801879885
2120,135020.42825098906
1674,181570.25105733523
256,150157.47227162766
2361,102457.25079193982
978,96932.44416643739
2280,146313.1091791277
2095,219616.23111700156
1709,338094.95111476065
2801,249327.2185594402
1246,111549.47646573251
2373,125060.41464204498
1055,267150.0875756157
2017,119294.14830498319
1099,239706.5330015413
1344,103356.98609512857
835,159219.358514174
1117,196770.90326992807
2043,101908.97849240399
2085,122444.68983766016
410,151943.96189450513
2650,112616.87241717319
2867,157171.95216706532
1668,110898.13200913779
1161,168266.7792037469
2122,161740.8658714384
2539,131076.07333325228
1047,137011.86550582034
1445,113881.90421889926
541,128289.71583206877
569,205470.9603229822
1276,123557.23910582661
918,145707.60501969067
326,163511.57393567663
1936,114659.18513669344
895,94553.41262609184
257,144560.03519153706
1241,174511.73413642505
1545,114622.44016268734
1189,167770.21017993338
270,158278.68252631402
2066,173926.0712523845
693,111277.1719438677
1259,152807.13105764013
2916,138530.2591297176
2321,279043.87727238715
1977,106841.71355212857
1895,140621.4387090063
1240,160364.99881424702
85,145447.37136896647
1823,115956.91272244061
825,300570.8305429966
110,221094.66509030733
697,117963.1931091533
2297,108163.87007178724
1231,130333.57719719429
1355,125096.79224364218
968,336319.61552039196
584,223332.331482201
1315,117942.25065669074
1606,134514.52411998966
206,115961.00621988007
1685,359153.7590619858
2016,130384.663253012
869,197111.79945891176
2135,125028.69791465886
2346,163937.32305062516
2430,253420.8224234005
2198,91034.53731443372
2652,119717.73765977853
27,110881.67592310118
241,173919.80274225006
906,125591.59671837033
1506,112319.92488221767
2098,379950.24101311
1435,236272.89826725321
2213,117765.1595781117
1274,136253.77978748994
743,72043.87228226702
1737,197529.63584744412
2797,295081.1208377223
2185,87101.83320034038
58,187694.77552518618
830,201466.73808792993
808,130673.84610988262
680,141204.99109716364
1153,119108.93629195148
1291,131050.48937718177
1818,157529.82997517133
2161,186751.90941942093
1883,118926.00078872737
350,361464.7123348625
2473,143053.33076586644
295,162288.49963343446
293,184085.93098053455
859,133740.98470580825
288,77527.03504438042
1578,147516.9580349265
102,158755.21171732436
2831,171660.86062627714
1030,160758.84620895312
2551,128931.61578480138
1286,142319.42361379156
958,325795.01985320944
776,127064.20164463096
72,209807.5881452888
2263,270386.6472184762
1866,153223.83831243392
2876,83012.96337331999
2146,254065.8870610595
103,178641.50848812357
1500,165692.22614515107
492,180231.00182861387
167,130142.17099420485
2597,120499.28855766957
2685,104498.0418885435
1035,140888.19371904412
1220,73412.0569893035
2602,146916.88639565787
2159,215478.85230399418
695,151954.0666142775
1109,242544.16058678186
640,171441.32209122585
1652,154730.3385849277
2090,193664.9493987061
1188,175266.7981704697
2345,231818.08577621102
1059,446430.0175063179
2751,224260.7929385557
128,195737.3145076285
1523,169266.7193378541
2925,159913.8561697643
2145,292757.5867946556
1121,211460.05077950854
566,295653.1958609971
565,216203.35229920546
1331,125221.96313190222
2928,115961.38968826646
156,135258.9628627715
797,152354.8800218412
327,103887.6168004131
2859,129580.15491996439
1453,119452.52669962746
1762,351580.58423850045
1868,196770.94716493814
1760,180365.55032807626
1113,252935.1603837513
1812,180221.08547153207
117,149813.94673344147
1142,212298.3825943012
2342,376985.23161762836
927,130140.80504021245
2478,175261.96208428152
655,87797.08548597225
2064,118093.01922858474
369,240248.2254128702
2239,114080.25979289903
2732,221457.58914307083
1653,154147.1926135683
959,204579.8263581529
2395,353365.9281835722
1412,107773.87636003418
271,254392.99605819915
1484,170161.06729037638
1497,146438.72813433615
552,170045.91259789327
2,111241.88452507116
1855,270110.3976417712
4,258054.09563755713
2292,157436.10102545194
134,131013.08162190023
646,108818.9492295116
42,297657.0109055581
532,208814.1945162677
713,107520.23728119614
2561,126270.3565856007
2360,125023.94836360136
1333,129504.90333251932
1407,170412.0852074406
2892,283890.45732803823
574,218025.25205730388
1227,188480.35061022177
2591,219753.40842596447
1476,210206.6767476001
1125,238912.1064891604
1446,119581.9594576657
408,113890.22208583317
1101,294089.7984195514
2251,185716.1545941233
373,185564.74805685735
2554,115770.05595637273
2382,273380.5061585737
1985,88692.19656427443
519,227909.01677316407
1093,184772.8230959949
864,262361.64149161906
2889,148766.1543905954
2308,179530.9105705825
986,150226.95132643104
1302,148225.90626719044
585,155993.5867162291
2708,137410.31130809724
147,121768.1360855761
1441,224808.99209638586
383,177128.07324119343
285,162371.09532847462
181,105937.74939320977
358,160748.6914419762
780,157114.3053258493
258,203990.47643090395
1865,197928.817542885
692,123534.50385058827
2902,350287.5539471901
508,248379.67787916446
2638,122998.30587192929
36,156292.0323154666
611,170288.66713549744
2281,124603.69204878648
1678,137443.8880083131
1696,482603.5705151313
1557,88856.68899725426
2180,151412.36363410525
1726,232268.0849771556
951,155027.09691182905
267,223027.4314836466
2706,138871.43088976917
2221,222431.95886945858
1357,148043.67271484446
2901,332267.1569847245
347,189720.86194534626
2164,196320.78031142455
1586,336703.36683949415
360,170408.44706849506
1769,235032.44013254327
2617,165403.165383431
1879,135258.08988358176
991,220632.6662426445
1535,105649.8328073486
1191,145440.26339154658
1579,212101.78310785885
1882,131688.21788513404
1510,113792.40292494395
2196,141704.57812880824
1845,172147.2891116352
2336,363505.0660744063
942,97433.07740763089
861,121299.38066559334
2555,96703.97417636457
1392,135844.62069199886
2099,270218.29351516435
1543,136698.43376754204
948,258301.27108208108
1239,146662.02281048687
22,194883.00818155473
2796,231014.06877587852
2747,173721.68851005263
92,273069.3527916775
210,156294.2209254969
1858,223406.67581592756
2228,189165.03031136005
447,209041.5725549257
827,241980.752330036
1649,200672.10097334973
682,122125.47932107864
2698,109883.93225609233
494,187339.09638707474
214,98843.97276970038
2441,233926.39649050636
2679,100841.48402071308
1336,125894.65974572333
465,195852.1206959221
1524,133045.72416687018
2543,111921.00909164242
631,115105.44394451217
2452,306777.9523319241
228,157238.24047629663
126,150742.65967084692
1092,228657.5930628628
1122,190294.36010545958
932,197961.4388926088
1980,92940.43350253861
2171,103748.56435188865
551,144729.03759691678
2768,167645.8041155082
2056,105293.78220709352
1159,350560.21237090556
2645,114813.46335363691
1174,176423.88524023647
2266,220369.45823052578
2462,424174.68739461654
1219,137177.06460223134
2922,189174.85129711998
118,131002.43820567461
474,188752.56805477286
2576,136731.1823226126
872,291362.89131755405
1077,230768.82715849645
1536,128484.12227783792
1150,115498.89376770532
2341,318984.57531408215
1931,132139.7601268301
2785,127943.85958626974
2538,118588.52380711434
597,212351.3425478386
464,203390.96179591867
233,205216.93357858778
2169,134362.71986104484
2123,168063.5436818809
1867,144430.44253821333
137,242936.11225276356
515,240196.80622478743
933,135592.51547443552
2784,161584.5268931671
972,163452.3283828402
599,157080.75562921836
2614,127764.25943822565
2582,146260.15498496685
1409,149425.74143418277
175,90542.7070577329
352,215368.36110209188
976,106434.20595140349
2134,190065.19707959355
984,115970.14133341487
2396,404279.62871556554
1673,153901.7329515364
404,132436.23488232263
607,151318.21658663743
814,162316.56000227513
868,190360.71971283373
2271,175516.6684795266
1633,228047.69874234954
337,180001.43893863916
2765,149409.47012267465
1746,258410.26630334606
368,291367.16466273577
2806,203817.57280837788
1662,183921.63643711372
1234,202545.0537860552
1373,134737.2470264241
1672,106038.47613527876
1939,123242.11104351576
