Id,SalePrice
2658,141571.20525922094
2718,157065.1619494423
2414,222020.04593697362
1989,100682.97374748658
625,168753.84075334834
333,96506.91642337262
1327,102722.49752390289
858,158607.41133617744
95,181282.40206548807
1568,161965.69987153175
2482,153542.75738579175
1364,120256.3431505954
2584,130700.13497511596
818,311109.43244095205
2673,107836.67909123757
2089,123778.42921284179
1297,162961.54057680344
790,113764.19546622763
2616,197316.96000711006
720,167024.55303466888
222,160621.49601296664
557,126927.40904711568
1148,176445.22892274774
2766,105342.84276001924
534,174986.69734806835
1452,128858.78269324815
630,114304.30651362034
2648,108487.27934011412
125,162062.08050685807
1904,69286.9140176376
1670,109191.66729886663
756,100905.89160629721
717,174106.20052397126
1032,149195.65571261485
852,206190.7184541496
1731,170516.39496698798
2639,107743.88828037618
2071,99920.46377055979
1267,143303.33541809095
1851,189735.7154519941
567,174273.45218347714
2439,206345.1354467141
1898,149487.839146398
647,137229.2896575502
2256,216204.72530624055
979,94814.0007359576
1444,221495.9981271408
2485,130407.31156531861
157,132848.57673389724
88,120951.0081871583
2003,106607.09132093703
186,197482.3062386429
1425,232922.78546045223
2695,118773.06582552029
738,106602.49672497684
395,162336.30690450684
1353,154958.19640012726
1878,138244.8572339141
390,156696.46665110614
1456,230879.0603409252
1103,300301.491003618
1387,121494.2039037888
2070,140830.02524627908
1199,166589.64053069425
2479,172226.35805834908
501,317780.0651368419
2362,98009.28624090673
1718,203144.43953794465
2188,107487.28401430983
1483,155418.4744938149
2557,102034.59757512413
437,336101.3843486604
2224,200509.13529958378
1628,178258.9508480168
397,146369.18484610433
587,188297.3310703137
971,138015.28370758638
2611,138564.4743147877
1887,103625.61933191179
2399,358244.0344256137
2148,192586.6103349864
304,106302.91076386257
1997,123736.37927468243
2817,113399.08423792956
1431,212606.17773168802
427,314492.97353372833
263,130394.75529756016
598,163314.78837028393
2895,227971.94007352466
687,137515.85153654168
1822,134915.4297197467
2191,105128.54720872437
179,117096.79766181356
1009,223207.96976598637
2010,131429.55200693963
1991,122600.81833853912
1411,148857.40034161447
1721,231456.75268558666
1144,187591.6941707868
593,216076.52600728892
575,321707.16874202894
1249,153128.0195079929
1604,129970.82540830082
1064,449065.0085340691
1923,147121.43812230838
1988,118648.78223618101
2325,178284.53013706236
114,192101.37356071963
2700,161045.613770266
217,130108.68719323383
343,171660.23956998583
386,211707.81640921914
2005,121925.13519743779
2908,131527.24779031656
1814,181343.52442003353
2446,542786.1417286763
208,136847.6085354078
1679,115560.71430554231
822,300352.5330393127
6,197633.61831285557
1781,371943.1800925495
2397,293011.5516422367
2340,311591.9850982082
1618,178447.44268772565
2843,114352.62417322396
1061,377177.83432083024
2786,132367.99035450435
1935,136974.35000269048
1341,114359.00626010004
521,264540.06618921977
2136,139470.72329721536
996,203787.05480660684
227,144050.10828360872
135,166751.92983267445
1167,173709.57272952804
294,222317.50043081594
1776,195260.6748202095
540,151498.0739565185
1717,208189.8633259803
2303,136271.2543405316
116,180951.09612630092
127,142630.37142732035
1371,124943.34408141798
1014,130712.07293496924
1507,117410.259534447
702,114626.77377418849
750,138927.38457812302
261,150020.05658000414
1559,73587.13250340661
577,207958.3586828042
2812,188827.81141535795
2080,144268.73613030193
1368,107090.46884984494
2376,123579.80665798891
659,108492.76522745748
1235,135768.00049442297
332,84826.93418847611
1917,144693.23075852598
2094,252274.0210680828
1460,234434.4594916609
1471,218934.93674619938
1509,118554.1665503079
1922,131598.3810592511
433,579933.3967260041
460,242256.2067262831
1116,242575.28220339215
1137,149994.97856179008
53,174003.72871707001
2354,260683.20638688418
1475,194239.31076176866
1761,541291.4642574599
842,140037.63636506448
2739,166579.47952964954
2509,161412.82938273496
1007,198471.15473251164
2610,168782.7964160642
1952,92091.14148836242
2719,160287.1703006152
2921,86148.32516332943
1966,141988.16921182978
292,104702.21117570884
1204,183744.8091158381
1829,262969.3570198258
2419,186593.5236199186
391,149599.7391760708
798,104309.9948232328
481,206022.96848813808
193,177674.5667296944
555,121417.3368471272
899,67055.0979492326
2357,176994.34645554132
328,110106.00028071327
1356,119397.4939610855
1154,104479.08032204324
1730,176788.61579122857
2249,160920.0058316137
1119,296693.5060202551
2856,128305.90752132627
1394,129970.44900804639
2587,136683.8327842144
61,301731.21927867725
2661,153744.83155465257
2711,130608.56536275949
1147,183625.18695013245
757,120519.5908665077
2623,107546.91437041701
2378,149684.48789955047
1413,139625.18333324156
1722,230201.14250049682
1112,227033.00342000258
1623,193399.89239886237
1201,188472.28218961414
1513,113599.28013664052
957,335346.6705951916
1171,256467.4442936514
1145,189500.68414324438
2726,218642.95516165512
703,137123.89670920593
760,100176.93608982854
1964,152719.93731648286
2512,183832.87969711426
159,121545.5147989959
1281,166286.21755566078
468,189100.54707965575
290,121793.2827644551
665,97844.56309790387
1463,245275.65878418298
1792,218545.97693357663
923,142592.53951315384
500,253987.97076324347
1408,159911.581865392
331,91787.9091773119
170,121831.64711951812
2192,99192.3443540565
2571,215249.69376955985
2314,180576.66655041705
2647,89717.17541333313
422,466425.8584180961
2457,329107.2522056418
1838,197436.27990472972
2805,236884.41089666923
1645,153088.68914913674
1711,303113.5747404081
2825,221551.128023595
322,318712.0949236923
2103,244468.14071361136
342,119706.55195073468
600,132481.49234025338
488,173371.28385805132
1725,279617.88916931447
2246,276026.57417002623
2847,134814.31444308252
806,233570.70917397094
530,232269.16918820742
963,188267.64207225433
2678,95994.78133283237
171,96166.4834736921
2401,455602.6357772224
805,227928.6902300127
2259,231392.3995919923
1748,203265.59231845854
1361,127194.57825267797
1677,115738.01947149776
1406,137377.2437610561
2322,201643.41260826107
688,145222.95809888886
143,133963.0980340821
804,218397.28762922552
1214,182694.25105565952
2828,140393.1820363865
1999,154083.98117103142
2467,200992.9066634854
2665,151846.2343639765
1538,392529.95684585784
398,121997.22992456472
2822,123050.3725522285
2157,147004.39232433517
1856,195739.15673806609
1269,109273.33035265682
2570,114413.92667987214
2320,230839.00697868693
1517,133495.98522950002
2304,141651.74051876468
1312,99953.90363194526
2012,134846.5642363238
506,246486.00700828066
2865,213837.1454377598
2367,107676.71010989725
554,88464.07733838607
238,125819.9991298293
1954,120372.07610089197
2488,122449.12607380845
2291,80758.10920676596
1969,118059.19541939667
2725,163632.2949192787
1482,152689.67724060445
2763,194088.37463171253
503,259116.64859660735
1584,250017.4943840648
1531,138889.1073966192
2210,179792.48859545658
459,312589.5898440506
556,129165.37641758242
1347,112625.243201994
1290,86261.15767810159
1388,100941.18056998258
1571,281734.3909628613
2754,196565.4257409977
765,128832.20257828984
2494,125319.19137736037
2870,220855.60587086107
7,230006.54198911117
1114,234879.49598462463
2418,271908.5171723779
291,127312.27489567567
18,312991.09152182215
39,382588.7180015845
1001,265159.23807739036
2442,222591.7284704505
616,117825.64148989136
2680,72260.09271377318
1414,135828.86192460815
289,153005.98398214308
40,248956.69689877296
860,122790.05915512155
409,136410.09676014073
673,144350.96687605846
2427,181811.50642127142
2036,191882.82630027863
2564,139880.65720136988
642,147133.84187693134
1008,171672.5508268754
1908,86127.15487757431
2519,197643.98285408973
1369,104091.06231861393
2855,163517.24113409716
712,104088.51491733958
1943,105614.75710248858
1958,123176.77239456885
107,173250.5718680627
2295,198102.53736885323
704,93570.40920403028
676,135353.33595136498
259,181387.05388192474
93,285309.5293204224
106,251251.98228837145
2315,175184.75013149672
1050,113291.4155143823
1095,210017.64299752636
2709,148019.85853093897
758,114272.8171571169
1496,159059.25861218586
2370,125649.15477705505
2458,268019.46807667316
2733,128327.33498658019
161,248848.5750065182
726,148526.1000471902
845,203912.5068816493
947,252223.98498765787
2232,112170.95471153874
2563,145752.75074446955
2299,119337.81897595065
211,94992.06051649524
605,149280.22447440182
1478,192292.80750354283
2247,264139.78600730293
2274,181670.5054645834
2869,211783.06253367758
967,209087.3506917206
2656,119992.13560770637
667,188728.66257340414
1042,114512.52380738655
2023,136530.43729800914
2447,381679.17635248054
2055,133930.3506777705
2275,290265.35141774226
2204,177479.6718737704
1563,266778.6185007961
483,203820.95825374275
796,128903.14845129232
1526,161522.2954657168
2042,119610.37474082231
442,328470.1942505912
1693,325063.8649798296
1468,218865.20950543132
1430,199570.47126763497
2605,142389.30446390575
1529,200435.61665881018
335,136434.00196766164
1287,117610.21140380729
31,104913.2382885562
1785,290487.4955398266
82,158113.81700492007
2620,113383.38422380277
252,177159.55708592833
721,63197.94262110066
2165,180626.34966984796
2316,192596.81238764286
775,132883.69514099212
1558,72123.58730774459
17,228971.66536576647
1022,208653.053711151
925,132578.82922047857
438,272029.6632990945
1270,151428.89850597995
1272,130259.0934560566
215,135443.0284303051
266,237555.40866203498
2402,295308.1278929876
1250,129706.24607474037
1984,110588.27889578657
1279,142602.26810311366
377,250987.74020811758
1252,130350.36864747673
2156,252879.28475991602
499,325010.4785208108
1374,125491.44462955117
2898,251823.79281094237
401,115086.09006892401
2721,161320.74620025035
2078,255151.836583678
2589,124438.6885153202
1946,207960.74453092652
1334,124919.81853311365
2781,211419.28060349118
431,395079.75998145394
576,197786.56827762345
1474,209059.55390961978
2254,149708.8612367677
2155,283456.48331567756
885,98375.89012601478
643,148303.8368014016
1944,122656.72208241759
480,196262.2734894291
2845,95144.27408289487
2387,331304.42949174874
2407,209421.381594123
2527,165274.86752615139
2514,157778.0454746195
629,147347.5969472561
80,223766.9753206881
1876,136362.8373935107
1546,118516.3780621692
2518,178349.1608392777
2347,148866.21206412005
783,199825.73936615573
1322,62165.193521398505
194,91269.31198172999
1770,289386.83994714904
2143,134529.24258003294
1229,207837.12697593943
511,281431.4974830455
46,235920.31704932012
1348,145598.68699174176
2465,198555.381295785
387,240556.52994428077
873,217380.94079946878
1918,126512.10274853198
2764,241927.2125108341
2184,127819.61973044708
934,151391.22214101208
1920,127988.21407680333
2631,148405.59465661398
1768,703646.739825553
2040,117540.1901625278
1749,214908.82679986788
834,253958.48641853168
1457,219797.55890932275
79,119883.24057339794
2302,133846.1598557105
1817,151865.44267749638
2755,227519.5140657227
359,183112.57514940345
2059,115981.26474999278
2092,237708.68957709693
2516,229602.09261512072
150,119740.62227998441
1656,130322.39664285321
83,97015.58960533
2411,181397.41117400414
795,74242.2896972788
2312,214060.20209913657
2917,102125.79541061226
1624,178453.95152740335
2215,334272.9997244602
1211,145130.98180008374
1485,163496.9953279817
1024,172302.47600955554
570,198100.02389903035
2874,137125.12834070812
700,126426.4623104182
2756,193373.2487725594
2022,158520.02961370433
583,237518.70494775145
2392,389476.9557353579
2424,173887.93870107067
212,102390.34636919905
736,124596.07449740743
1610,167339.0738150923
890,118228.2914479206
467,184040.54437317894
578,199347.17549517966
1747,200357.86290550858
1149,154854.04217102544
2758,234414.7188861205
857,148559.34842761693
2219,295960.0831323123
733,72440.44057750734
2909,114224.79168611151
1798,258478.49920366483
235,116608.62540412361
2366,133908.223205067
1027,133549.85006666504
1195,143176.69476742044
1303,67113.71489202805
148,169039.83262743193
608,142703.66366015468
2515,203531.32828621165
821,253908.1447217491
2500,258841.8026483325
745,107678.58759676921
741,123996.69805359001
1611,100174.47674070898
2532,134814.3661116211
1081,219304.9195075599
1692,439590.41759064986
2520,180099.6360692812
276,107524.17522592295
1992,114843.49065841548
663,69206.81467855701
418,130559.16316081678
1733,197761.49807874352
2359,149455.63026024433
253,182589.8057100725
1518,166717.66847872146
2035,116137.63263137508
2919,84098.0499731247
1540,267703.3871672632
2120,145584.96811186697
1674,176565.21841494992
256,165381.45591113376
2361,120052.06284947575
978,85916.74506201886
2280,131470.6869340237
2095,238315.43550358035
1709,350537.22457409423
2801,250229.29727935873
1246,125018.91858518356
2373,102790.90943226944
1055,288306.6733401225
2017,124491.78681073741
1099,273526.685668372
1344,87570.74107858851
835,189852.94220282498
1117,202968.50274014298
2043,90180.49448042134
2085,121427.548339955
410,152056.97793986753
2650,115087.35491815355
2867,178387.77949999418
1668,117106.13373506778
1161,173227.67821448567
2122,178291.92594788282
2539,155509.62106344214
1047,136183.58148884116
1445,135566.1611043502
541,121067.72274864718
569,216020.12874199596
1276,114850.66329886955
918,145766.06370964716
326,163023.21455274455
1936,134330.7028202706
895,96403.8242327266
257,142698.99258089898
1241,165154.14468971154
1545,111255.89851140049
1189,170483.1585258286
270,145681.93688637912
2066,177374.82616500702
693,113669.76197094977
1259,123139.000063174
2916,161289.37662862442
2321,295169.4475044013
1977,89653.05426194385
1895,141049.67606341274
1240,151068.46928237446
85,147162.35436989865
1823,117204.06893790691
825,279133.11500889406
110,229416.73333461295
697,115458.4713373765
2297,123457.16118599582
1231,136574.6953454743
1355,124931.36946111737
968,317449.88382426015
584,223940.4362767709
1315,132534.37421134414
1606,150159.2868605884
206,87420.12088669291
1685,352909.1815509412
2016,128412.77417106704
869,192534.3940669543
2135,123174.87627955225
2346,179330.74533981402
2430,227817.89040831706
2198,72516.73443960634
2652,132477.16643265917
27,118891.22261923418
241,161002.10152966683
906,131498.48363417346
1506,111213.89651566219
2098,362593.7491562925
1435,218743.79112650556
2213,141039.54832316024
1274,135428.54111647914
743,45212.553741415606
1737,198114.75416359815
2797,280836.9183572642
2185,75482.51351302936
58,184525.3099112296
830,199886.23876235518
808,120911.92934731815
680,146140.14386355708
1153,107937.75930055091
1291,127884.54125804984
1818,153360.0727649702
2161,183522.89670960038
1883,119245.16332695274
350,343729.8553974801
2473,131829.95596328913
295,186342.614528591
293,173851.96782852424
859,137875.26981053443
288,76124.63687685815
1578,161917.9203021692
102,189714.1075344849
2831,140794.68309427053
1030,146726.7648648661
2551,145438.37290378596
1286,137423.5029886054
958,298697.1046285888
776,131525.70678395015
72,220596.66792551757
2263,252668.44450008404
1866,162372.4238017226
2876,82331.8362320903
2146,232757.00472398632
103,179817.77158577833
1500,137709.2410519492
492,151991.3461560228
167,152547.70220273267
2597,115886.6183176467
2685,104500.62767372742
1035,159332.79087414715
1220,76271.97045657993
2602,157251.79870875986
2159,205574.67962730472
695,128438.37284325495
1109,258328.81765697844
640,167131.51638934086
1652,151645.32446555982
2090,159889.46792535833
1188,163855.33367394577
2345,253777.5580301944
1059,424274.86261550995
2751,217527.01791482297
128,205214.86373532255
1523,192109.12626199063
2925,171305.3532304925
2145,274301.63076799765
1121,221278.99140658093
566,265253.7430234922
565,254763.71095817644
1331,124637.19302679271
2928,122524.23901903213
156,145562.945999269
797,128680.79134122885
327,95420.66847725246
2859,140485.3078568007
1453,123052.14952848435
1762,348002.89582716697
1868,196587.56284035658
1760,175771.22820887298
1113,237011.43207255853
1812,192186.12109439826
117,157574.00636139503
1142,198426.53372922674
2342,401186.7051046767
927,149612.52256060828
2478,171016.93659120475
655,89041.03439248158
2064,129357.70361872509
369,263922.865509207
2239,109190.35482927466
2732,208030.89708703436
1653,161038.02595949336
959,207375.52134878756
2395,371148.0257335897
1412,104502.01628053033
271,255539.05642406968
1484,152859.8489326197
1497,144823.1503497624
552,149246.74034090544
2,119042.4618858856
1855,296228.08380183275
4,251466.30238580116
2292,163166.7485868695
134,139541.79683929155
646,111623.85501926737
42,313476.54011929716
532,221237.79124024574
713,98341.9921386863
2561,132384.64153198598
2360,138607.12417359347
1333,113885.2315692361
1407,218214.23876073526
2892,313401.4650706607
574,222679.84321865698
1227,172818.65732675896
2591,208760.43975716573
1476,211168.35500063057
1125,252455.08223193412
1446,156077.92333788256
408,126061.38053458584
1101,297730.25981477654
2251,193207.24893309345
373,173433.38689589177
2554,132563.7125139067
2382,262526.2899133188
1985,89053.90975509369
519,245357.7803446218
1093,188783.38535605787
864,244318.0147863472
2889,146892.122959145
2308,170949.23711974625
986,169006.93072771528
1302,129744.18179235847
585,156894.6170863544
2708,147513.20742723806
147,127689.61120891744
1441,220997.90822768316
383,210061.03739763272
285,150404.1800390305
181,108147.72926801028
358,200880.83341167305
780,172443.26564156165
258,192786.18981341025
1865,207972.26007859054
692,109606.0755192429
2902,319985.8769094004
508,250018.68413125922
2638,135338.0769502699
36,148546.88470871246
611,164873.3861481738
2281,144889.21721231216
1678,117906.90841952247
1696,447982.8051253618
1557,71358.0997351869
2180,153615.76128294482
1726,234764.2303085057
951,152361.7896644827
267,216311.34206315453
2706,132458.94264816583
2221,254163.79797008904
1357,177257.45171517867
2901,313549.3397655297
347,185648.7545989273
2164,188353.75152375945
1586,322079.496243842
360,159268.52545854854
1769,258189.30308494382
2617,155661.0554528528
1879,142802.35624787776
991,241825.20665635032
1535,115690.71032087322
1191,143978.6937487319
1579,218409.8497744403
1882,77346.59250994741
1510,122534.6964188781
2196,124990.2319996212
1845,185959.564072906
2336,408834.0803359918
942,83499.85513597103
861,138374.45101583414
2555,120398.96396717371
1392,154692.76208416512
2099,245672.13592981707
1543,128014.90069507276
948,243793.92121015894
1239,159049.85934473324
22,191649.52597778462
2796,223563.56195059008
2747,171907.59522387286
92,287649.51328438794
210,162365.60835165103
1858,205296.66200102924
2228,152451.05382007826
447,223704.44059139202
827,236979.99317837914
1649,225446.21095606714
682,138305.28900012735
2698,101367.23623184161
494,178375.29230970156
214,66397.53415229732
2441,220679.18929457097
2679,107005.01914716876
1336,117823.15898957313
465,180412.8121736307
1524,128907.23615784997
2543,114812.15357328477
631,140509.74298178992
2452,325246.6268050487
228,161208.00514957635
126,190737.57391854707
1092,242692.86361621358
1122,201005.374872835
932,220955.6435341194
1980,80886.65618211588
2171,107233.81477235549
551,163372.82165669248
2768,164201.16612249473
2056,111323.02535727431
1159,365156.26232794696
2645,121838.51701654967
1174,186264.0339519422
2266,214983.81485233986
2462,384635.5533673768
1219,147088.2592021246
2922,176680.52082109786
118,141137.0421289563
474,172868.28635267785
2576,142395.54133413176
872,272258.68581862975
1077,226979.56873090751
1536,139284.20076575823
1150,116515.63035449835
2341,331568.8851565428
1931,156133.72998132132
2785,134228.71206910498
2538,127424.36867287161
597,190203.0206219096
464,189996.14938350365
233,220039.14534335036
2169,117536.09598583143
2123,178267.76457833307
1867,159529.4555295491
137,247281.8769054999
515,245226.20879506893
933,117141.44122019467
2784,172360.36356940496
972,157754.08962525762
599,162075.3350949956
2614,134938.7563483689
2582,143297.92507688244
1409,148635.76621835472
175,90891.07066920986
352,237000.03803495847
976,100225.12199312997
2134,190463.06587828248
984,120773.92810268805
2396,361068.6696734947
1673,152265.5322423649
404,124955.57098573708
607,160839.58265353728
814,157545.01299155454
868,182762.45009235197
2271,183794.8963658149
1633,237542.8425118858
337,165682.94950045718
2765,155385.32584457734
1746,209884.2521004682
368,318536.182658693
2806,199694.26958398081
1662,192262.17898265782
1234,212413.6468864673
1373,126517.89993298036
1672,115513.36517068758
1939,125692.0036611092
