Id,SalePrice
2658,132238.85712816048
2718,163399.30397152604
2414,221815.93613142078
1989,104652.58018475032
625,173172.03924965544
333,98337.7476670823
1327,104162.09626990026
858,154180.08517931265
95,176519.40937685734
1568,155404.7508310738
2482,159754.13190733016
1364,118352.06259942117
2584,135416.9672382538
818,294536.62392073375
2673,117004.07213811911
2089,132077.61585755873
1297,155374.846717128
790,114325.67445780798
2616,192057.92331169415
720,171731.01107192613
222,161911.19014096956
557,131248.0822613765
1148,181865.5409408462
2766,151432.29686933427
534,173908.5199802104
1452,126039.49665595028
630,127781.98706942306
2648,113350.97608703935
125,163667.25713059786
1904,72910.54048243165
1670,111629.3359605848
756,100305.12810294153
717,169978.374256566
1032,152669.04750036958
852,210191.4863583546
1731,170662.8363268966
2639,112184.98428870205
2071,98304.47876121587
1267,142025.66200911292
1851,187968.57920497953
567,174995.75651638745
2439,207328.05083049915
1898,148326.3922085966
647,142313.97745054303
2256,220904.54350019028
979,96659.99885328207
1444,221987.67766621636
2485,127450.69066797693
157,131218.48919180103
88,121231.81533076425
2003,105958.18454709546
186,183283.23065192884
1425,234737.63551836464
2695,118548.05581882001
738,111356.67739254447
395,157553.41163713948
1353,146946.12924821235
1878,139289.973035241
390,154916.97156910712
1456,233524.39053518884
1103,296804.2610810001
1387,116946.15139653253
2070,145780.0238610754
1199,161800.03968568216
2479,175648.680323735
501,319125.9483205199
2362,98893.95276274225
1718,205958.38801903618
2188,110188.05543024003
1483,161615.02527468032
2557,109827.90651412681
437,323269.98141649074
2224,200334.8330700748
1628,175104.4827395287
397,146446.60099249973
587,190136.63400845948
971,137909.2885605247
2611,140450.89344936807
1887,104874.28013476984
2399,346023.76489301183
2148,196174.16364702847
304,111145.64928958235
1997,130626.80104311003
2817,124187.45077654297
1431,213220.82629695043
427,318070.5764062352
263,127088.66832890862
598,172275.3644446958
2895,221218.59316911275
687,137130.90637830042
1822,137102.8258947443
2191,108832.93943959412
179,116676.46862179888
1009,224322.90759894327
2010,130035.80917021877
1991,125413.47492713814
1411,149647.72779839658
1721,235444.57124513364
1144,191158.85359019449
593,209527.69948773846
575,316543.46638436517
1249,155314.1866481593
1604,128737.38734545946
1064,407579.4764113625
1923,147160.35462959777
1988,114482.97358054611
2325,177722.3426547583
114,190907.53335898338
2700,156227.23383880258
217,125977.20343985443
343,175823.17902651418
386,211032.96124097277
2005,120509.82160946542
2908,128697.69504620704
1814,187521.47950071082
2446,496588.5418944919
208,138687.17880184564
1679,114673.28333413873
822,299361.6324374771
6,199039.47630969936
1781,358475.8127428848
2397,291508.7279030751
2340,303402.76625434775
1618,174422.99500906648
2843,128463.82863941207
1061,362319.3059679306
2786,133341.52851620194
1935,137064.78973141723
1341,124938.07965688985
521,263155.055171415
2136,144610.90560150406
996,202626.57517355884
227,147498.0655759216
135,171295.80044427814
1167,169788.05545034117
294,220749.8354177721
1776,190958.2290142348
540,152959.346979778
1717,211535.1760421856
2303,132971.3501630102
116,179107.7332544413
127,143921.3580099992
1371,120020.80383763068
1014,134996.0291698032
1507,114197.12587409223
702,120952.33542571528
750,134988.5524280764
261,150068.05455462597
1559,79798.22048369523
577,204001.9569694031
2812,187664.57293906258
2080,141848.69215429577
1368,108019.02755120951
2376,128015.15976086073
659,115535.57937267865
1235,136464.41380861454
332,86185.2024101805
1917,141424.5982096315
2094,244898.05923851999
1460,232198.83449733403
1471,218946.28947512427
1509,118826.92414044205
1922,131959.6717635651
433,528467.8218442716
460,241798.12342711506
1116,240068.3027209429
1137,151466.31459805433
53,179995.2143529128
2354,250625.17493882327
1475,193504.5283736157
1761,471031.5914851158
842,139964.21599912242
2739,171181.61882302965
2509,159042.83768692726
1007,195745.97309709908
2610,168488.86187354577
1952,97869.17066155608
2719,163469.5636855377
2921,88161.25469179246
1966,141967.46166258666
292,109467.63819655545
1204,181959.36629462984
1829,257629.76584516384
2419,186296.63352745117
391,154416.42825270948
798,103412.8736935063
481,209186.79360243492
193,177363.94357427716
555,123787.69084297442
899,70799.7252893741
2357,178952.8943952405
328,114401.25680035404
1356,119518.09583726882
1154,112584.4745960663
1730,183009.54652332404
2249,164865.49391791542
1119,293399.4325468867
2856,135036.54674867494
1394,126832.1965409707
2587,132362.5115841171
61,299142.56751970516
2661,156454.62571161555
2711,127216.31565717925
1147,185308.76433276111
757,126874.28840009728
2623,103739.82798988828
2378,150637.18463755478
1413,140357.6891379216
1722,230955.8874106995
1112,232263.35767910848
1623,190807.94795028286
1201,191553.9874140683
1513,117212.36555154911
957,291616.0217662856
1171,250479.30740872212
1145,188047.4725353338
2726,207010.05034270327
703,134478.0748377241
760,103274.79473437417
1964,156484.16274990505
2512,185784.99488918757
159,123231.90640135629
1281,166870.43117272895
468,193850.68450826898
290,123171.95245036072
665,100967.86786682846
1463,237900.20176506418
1792,209426.480452107
923,142402.42173290416
500,257315.52293788397
1408,158742.8063409469
331,91970.60755826104
170,130594.78853277855
2192,102044.1649153484
2571,205215.71550695403
2314,177583.14625745534
2647,92274.60298592904
422,442037.32005500083
2457,317568.97856294713
1838,199704.15301406608
2805,234486.67761734652
1645,157348.51327970365
1711,295049.52164118824
2825,218867.3622341184
322,305334.7658282277
2103,247274.4729986413
342,120673.9523030087
600,130742.37354612695
488,174814.02046030015
1725,275519.37316728185
2246,276209.06523945724
2847,140779.1059125463
806,227397.92181472998
530,230944.41609684526
963,188348.9501439617
2678,104894.31887242754
171,98860.64351076125
2401,425838.8762912826
805,226094.75115185307
2259,225462.88851944412
1748,202214.75396681778
1361,123727.69521751908
1677,114371.38895171307
1406,144532.9808185949
2322,207068.67212579428
688,144465.92443590914
143,132767.1791284382
804,209375.42130951633
1214,181441.57601692816
2828,142653.56398130406
1999,151411.59855549244
2467,197758.7922132798
2665,148566.1107078765
1538,348587.4521736212
398,122652.871191798
2822,126064.7217891857
2157,150833.59360710156
1856,194883.4754801037
1269,110418.59729392908
2570,114705.01404768333
2320,232181.66070684462
1517,128749.86916890662
2304,130804.48749970381
1312,101334.69198148245
2012,135148.89648729152
506,245805.46115976752
2865,201602.9140697398
2367,106455.96927593826
554,92237.3161877552
238,127515.42903105947
1954,121803.75082072646
2488,124601.0830328597
2291,88523.42946629033
1969,115629.63760919568
2725,162765.40284340997
1482,159024.10935034388
2763,196056.48582760754
503,257553.4083370692
1584,250082.74837945952
1531,151863.9158512629
2210,169532.69148302835
459,305238.808394375
556,129756.13332760536
1347,119931.48804829277
1290,89252.88793195704
1388,102226.33595537393
1571,250246.83052427234
2754,200332.48702441712
765,132588.9030391121
2494,126738.0722190235
2870,220972.00787047777
7,221766.58751505357
1114,235832.93451866115
2418,265348.99599613366
291,120550.79717861016
18,304720.06368988595
39,367533.8168750808
1001,251097.75221317657
2442,220063.36781125292
616,127875.48189235694
2680,73806.2402241543
1414,134842.3891440631
289,151260.76821700725
40,242532.0003740701
860,124853.4391229059
409,137412.86871288565
673,142708.4939720636
2427,187448.70331303225
2036,181654.16105070006
2564,140774.63902039436
642,152571.31422146622
1008,170380.5576128884
1908,129232.7710321989
2519,197148.580273667
1369,102068.57959527978
2855,159317.1892506413
712,104885.59463176971
1943,114520.1576105554
1958,125524.96912357955
107,169236.31059038723
2295,193668.1220284039
704,91896.61453033592
676,135484.78311529482
259,181824.00192050554
93,277753.9218018494
106,245838.30132918243
2315,174435.92604516345
1050,115674.82000606538
1095,212453.80331775078
2709,150741.03731379454
758,111717.64399521476
1496,156666.16386547644
2370,121008.43038396539
2458,274420.82860631635
2733,134420.5401203355
161,240426.55959701416
726,147240.55976130418
845,203641.13421259538
947,242193.94942930125
2232,107289.10262763288
2563,141732.64329527915
2299,129025.36333995759
211,100276.04139891078
605,153712.01160389045
1478,189015.44253706952
2247,264719.27004230855
2274,183103.39132263366
2869,213528.10362554574
967,204683.31812257998
2656,124208.20801156065
667,191619.95385786958
1042,113215.73599266024
2023,134695.06258427136
2447,366349.72957393475
2055,131073.54239941458
2275,289709.07245385274
2204,176068.71751154415
1563,266066.51865186176
483,209298.99636121953
796,137433.2812928878
1526,161478.71778031831
2042,118144.079227539
442,318719.1405581382
1693,313351.6701426264
1468,219152.89080791193
1430,197751.40167584794
2605,139687.69618643727
1529,190010.40501875294
335,135134.34885087004
1287,119290.5541674974
31,106050.68857664352
1785,295688.2138476114
82,158428.88237193614
2620,118916.31082270185
252,176949.84718912104
721,70078.25083416652
2165,185464.51446156928
2316,196288.0990063111
775,138018.13850336845
1558,81464.21920211238
17,213039.242769463
1022,209807.59738755538
925,135880.21410646723
438,268765.03301332355
1270,145798.56539379264
1272,127954.66703702338
215,136679.81343323737
266,236667.07200765383
2402,289386.0690966027
1250,128106.00392510545
1984,120414.4520398
1279,139532.03473892523
377,238601.69721551688
1252,134533.960463728
2156,247952.08716507483
499,318022.660729692
1374,129198.14353926243
2898,230431.4358033641
401,115766.67086618472
2721,165019.69470671716
2078,250095.02590435685
2589,127321.16790613311
1946,208471.915273547
1334,123280.78761320218
2781,217826.4363837321
431,374293.95233146637
576,195610.395123247
1474,207584.4787559396
2254,144619.85351342344
2155,277418.3728634754
885,103721.72631453916
643,145381.1682152781
1944,125813.35546752189
480,197353.06369408686
2845,98939.54666380983
2387,323743.72624255315
2407,212325.94647589143
2527,169370.6135479348
2514,162917.79116608837
629,152740.48290263463
80,214907.2438479838
1876,142563.7825225965
1546,116771.42975715143
2518,180164.26999010617
2347,157206.10836916429
783,197601.50589177845
1322,72091.95598912785
194,90576.11418100997
1770,290448.67453614017
2143,136316.6964368018
1229,205569.48449608084
511,275911.3246680544
46,238049.66230873932
1348,142325.43450570712
2465,195254.6646046108
387,236257.96986825758
873,218249.6400113615
1918,129316.03159983495
2764,232952.3339134431
2184,126233.24001841455
934,148319.49884272245
1920,129134.56243303388
2631,149068.95253683173
1768,619148.5855873404
2040,116797.41729055077
1749,213897.47186174648
834,256408.91757368934
1457,219604.00695319453
79,121031.78237835121
2302,129554.85524156137
1817,154730.9520551456
2755,231428.38031394067
359,183591.58862263165
2059,117903.29922942506
2092,225712.287287426
2516,224106.75926886004
150,114551.59494693295
1656,136877.49493997853
83,96860.53372152132
2411,187877.96136615556
795,79797.24389285785
2312,210166.4837844073
2917,102285.15010491532
1624,172697.234601771
2215,287546.5411670701
1211,144855.45538171305
1485,168641.02424608733
1024,177360.9556053457
570,205726.3194124387
2874,132114.07215615967
700,131215.2427731753
2756,193214.2178674807
2022,152390.21171689397
583,226196.91658374443
2392,376082.89530273364
2424,181594.5892542198
212,100125.06222142933
736,124291.27963122053
1610,168812.18038340745
890,124681.14775540256
467,190490.51615764463
578,187397.19486655024
1747,194578.34288827627
1149,161513.85639596192
2758,236781.3526273823
857,150225.61605787274
2219,272318.48585556354
733,79194.1383891358
2909,117546.65401914723
1798,253766.9238405318
235,128066.14795225415
2366,135116.3067628516
1027,134003.7098941577
1195,143663.40658660737
1303,72283.18550398575
148,168501.0871281422
608,149416.1178841572
2515,204154.53741215385
821,256447.43835050092
2500,252001.1591095695
745,109625.39080898585
741,123375.83317411531
1611,107927.56823924351
2532,137314.94213571187
1081,226131.97753904725
1692,419185.3038075315
2520,177800.0552452646
276,104067.62539349624
1992,114806.53210122613
663,75934.39947119914
418,123870.5032581115
1733,197379.85594143407
2359,148316.04022170528
253,184345.6624023538
1518,177236.23876577604
2035,121015.35408984253
2919,85423.71400729252
1540,252346.94441987458
2120,147194.37878181218
1674,178949.0409382085
256,159164.9799255061
2361,118788.1572014547
978,91370.09494101588
2280,136084.11605918483
2095,229558.85621487064
1709,339181.14552353683
2801,238082.05390004077
1246,123225.99599926859
2373,104731.23546254719
1055,281350.98340585927
2017,123178.57251924134
1099,275437.04432228586
1344,89688.81451154305
835,185720.32819418845
1117,204666.08684729034
2043,96024.97693051134
2085,127492.74706241571
410,149250.6303761719
2650,112431.52667984103
2867,175010.41092635822
1668,116105.0857661267
1161,170183.53552640823
2122,182186.06235549736
2539,153932.67805230818
1047,136761.5741897356
1445,136799.77527539822
541,121352.74588646612
569,224327.82412044023
1276,120719.06500463955
918,145701.9542979445
326,170029.37225889813
1936,133747.18365704519
895,102700.37253178335
257,146516.13175191154
1241,164149.87643136832
1545,109326.90802863865
1189,174518.9798582072
270,151165.21316394568
2066,187433.07977017888
693,114251.23850306509
1259,133793.54830454296
2916,161618.23514039867
2321,300688.13252925663
1977,95496.30330505762
1895,142815.14330537932
1240,151348.8549685686
85,149375.94933216865
1823,122288.83730558242
825,280200.7143539358
110,230153.5314846374
697,116895.12412580238
2297,120449.59236167266
1231,136989.67430303877
1355,123733.86516293287
968,312658.4106985171
584,220166.30367458795
1315,131031.45894693493
1606,147785.08362550204
206,91501.48169143457
1685,342007.8732936068
2016,130995.58792224669
869,189208.09597096953
2135,126945.8966566439
2346,185341.60924991654
2430,235469.87931400834
2198,79434.33617061726
2652,127105.5143556413
27,120390.0158076848
241,164890.08131007926
906,132420.74869986434
1506,109151.49087557616
2098,356371.5190794831
1435,218564.84004721377
2213,144893.5123372708
1274,133626.017593569
743,51785.35700871285
1737,197235.60136644336
2797,270856.9651001564
2185,79830.94585767941
58,179693.68907898312
830,199457.50377098922
808,119571.87827546633
680,140155.76761891507
1153,104295.26155856198
1291,132687.89156345197
1818,147974.6594362165
2161,184477.53834034535
1883,124482.12314508985
350,323268.05442535493
2473,130171.25079214701
295,184108.98473059497
293,174797.75118138958
859,137627.2556361827
288,79917.43026911371
1578,154856.14650073444
102,194122.8652507055
2831,146814.80878895157
1030,148169.39863275317
2551,143636.32282071386
1286,140905.70375509345
958,294004.580812125
776,129547.85213743248
72,221164.63278376812
2263,255055.92677639556
1866,162078.7914200476
2876,85564.74881648859
2146,230164.56823828854
103,177549.1842404621
1500,137782.19752069967
492,155078.5576509135
167,147581.8571690116
2597,119574.73278702193
2685,110483.01790920203
1035,153614.78187583305
1220,82158.9018674584
2602,155466.56524919625
2159,205891.64835159958
695,124578.8106586372
1109,258480.51829182127
640,170830.89861388144
1652,155340.26649875054
2090,151616.0247214838
1188,164456.56472741032
2345,239413.82363657304
1059,401703.84313652845
2751,220455.66331387527
128,196712.70696808494
1523,192021.85545946052
2925,171067.56047731967
2145,265767.9604964208
1121,216907.9264726371
566,252392.05846614068
565,252332.95454787163
1331,125973.43624536775
2928,123023.86775414093
156,145793.8260350726
797,134167.54436468193
327,99565.71925497804
2859,137724.08299908362
1453,120712.57624872022
1762,346327.1081651435
1868,193951.2155981442
1760,177109.83256707236
1113,239759.86769371736
1812,193545.55841567644
117,153130.21781011944
1142,202030.20877340535
2342,391620.3629064592
927,152452.75365055777
2478,173023.21352753587
655,95816.22747873627
2064,127850.56071429413
369,262957.5946535813
2239,112559.21890760487
2732,213884.78086313477
1653,162195.22769324997
959,206062.04827087346
2395,360650.8249213491
1412,104010.22819139136
271,253483.09071263988
1484,160792.12654995525
1497,151032.93807315256
552,148303.86154163143
2,118824.28145686902
1855,285974.0903040868
4,245794.63659892188
2292,163537.50251654672
134,143061.47691029124
646,115549.60771614943
42,303549.34559573146
532,217189.13872414717
713,99115.11775202533
2561,132052.0226696408
2360,138501.15918201828
1333,114765.35919948338
1407,211494.49072851185
2892,302367.87783978076
574,217506.93852254454
1227,177281.76618621373
2591,206590.16646074218
1476,210803.82968606325
1125,253090.75228938126
1446,156861.78900542058
408,123177.58397446228
1101,296929.74970467587
2251,203578.75102611378
373,173782.1600671441
2554,133453.34872522802
2382,254265.5100024938
1985,92608.32285541692
519,238110.90629357798
1093,189117.5383610591
864,243404.95849233516
2889,146993.09045169057
2308,175174.4303349911
986,165008.43527899758
1302,128400.37733402647
585,158134.19722015777
2708,143602.08095803732
147,130601.48229972982
1441,223202.03318316958
383,209971.097578512
285,151078.43433999846
181,112022.4199681579
358,202185.49024786876
780,174351.87647710645
258,189787.0417315235
1865,203404.5033818969
692,110458.94398355947
2902,314424.53839596914
508,242612.37943164312
2638,129230.74636795738
36,148817.85864155024
611,166077.42158601905
2281,145916.16010698673
1678,119255.18543058913
1696,420117.68164793187
1557,73768.71537350728
2180,158986.52045958536
1726,234035.24027979153
951,149776.8157235601
267,215881.87909478313
2706,134793.30716094168
2221,249570.47771827155
1357,164014.94546284116
2901,306484.7432863289
347,178297.87853091164
2164,187500.98272466342
1586,317960.81689331017
360,160858.46330360658
1769,253107.21429222837
2617,152116.70323034513
1879,148311.73736084675
991,225067.33977839196
1535,116748.78289729565
1191,142548.4043546479
1579,218449.91796780872
1882,91357.11724374033
1510,126385.69706509447
2196,128949.93227248878
1845,188805.75441964046
2336,393350.29888886964
942,86336.7245012069
861,137171.79975875086
2555,120145.89354169037
1392,156431.18659690797
2099,246947.93747414814
1543,127943.30683968238
948,234098.27443192937
1239,156952.6254623262
22,195516.17700245933
2796,224455.19949455772
2747,176308.73388769437
92,282891.59447445447
210,166519.1749693686
1858,200367.24587323022
2228,145655.88978564888
447,222212.1171375035
827,240807.05740975428
1649,223341.76454916244
682,137154.80628612541
2698,100512.66873964206
494,169546.5527438383
214,73458.12564124305
2441,217850.86577658576
2679,106449.0530758555
1336,123256.87288689431
465,183453.27091563065
1524,131938.81582928455
2543,115975.4955933495
631,140966.41875577107
2452,319879.73303823045
228,165074.34855289344
126,179154.47630937825
1092,242908.374620115
1122,198807.9316391657
932,213031.40095630797
1980,88368.15530967811
2171,112655.47772198473
551,164043.2499759649
2768,165990.5096515301
2056,113062.37700986647
1159,343147.5176628616
2645,119559.86539996827
1174,180205.8444574067
2266,212681.8987224414
2462,366258.7885860158
1219,149083.06063547806
2922,171297.7870223294
118,144693.34874657472
474,181269.47596908014
2576,142895.55544341117
872,267507.5405823367
1077,226375.96675889802
1536,136547.46418125002
1150,124247.4503096458
2341,318401.1788636827
1931,149934.63418646302
2785,134678.71138631718
2538,129476.6915547911
597,188413.6793260138
464,189961.57869460311
233,215226.3930701259
2169,126195.51333681784
2123,179908.84169338815
1867,161315.81731902447
137,239109.71351313902
515,238369.91292827236
933,115639.12957832869
2784,164001.23579380405
972,162639.6679161586
599,160958.74701735834
2614,133046.21008367452
2582,147692.12134239072
1409,151377.99911730143
175,98638.6957741421
352,220802.62422179832
976,105525.30953441649
2134,189834.81722766196
984,116062.8723516631
2396,339325.8709559618
1673,150748.3722041957
404,123188.17025023779
607,165859.41170668087
814,160227.44229404404
868,179897.21474707656
2271,190603.59793662117
1633,236422.1119991857
337,168176.6462522985
2765,159552.2006052204
1746,214270.49589182378
368,315338.82565593737
2806,198594.26483610144
1662,185379.02853811905
1234,217252.53372355056
1373,127584.32636580475
1672,116592.00380143589
1939,128878.09276009585
