Id,SalePrice
2658,159460.01079266553
2718,155510.55546271396
2414,215180.54749081138
1989,105401.1876519495
625,167882.3996438862
333,97100.21248664391
1327,108049.70379824871
858,151241.03795419578
95,188503.30636897185
1568,165100.69539128215
2482,157229.6434344099
1364,127399.07235225374
2584,146907.41075965646
818,279750.97138611204
2673,139469.8531216074
2089,174083.8753987992
1297,145902.65016188336
790,119215.82754535934
2616,148808.6552563912
720,188950.08583468865
222,150287.89759720303
557,129727.16368126229
1148,189061.48162067324
2766,164980.60585082622
534,181683.31707581194
1452,123405.78527804966
630,118402.3501836817
2648,112190.47723325415
125,153857.5655922569
1904,77597.87303311651
1670,112273.30024950688
756,98866.97126582645
717,219512.09857161468
1032,153545.92710048115
852,205121.09452767193
1731,179033.38238943438
2639,114604.00289863833
2071,94599.85194726098
1267,127914.22500954571
1851,191036.5910160881
567,167666.197002111
2439,204126.39346367394
1898,147939.5607804112
647,160239.34747602703
2256,218324.55518408786
979,98561.58526742664
1444,216955.65351689284
2485,120687.95900441351
157,126727.85560519315
88,122107.17539088834
2003,112808.06148229093
186,201766.8996553231
1425,240016.31457873122
2695,124507.38132298525
738,107397.27689334119
395,157333.82098767228
1353,162386.148458133
1878,133766.26133067693
390,157529.7649110508
1456,236481.04678718955
1103,327518.6802690344
1387,128453.88762522323
2070,142408.40838549263
1199,175656.3479513765
2479,169543.91740746054
501,298438.69028726197
2362,102415.60129123079
1718,196703.2889111168
2188,96361.46061774089
1483,150991.6224898394
2557,97346.6059622584
437,400854.4047739531
2224,194589.95371005192
1628,166507.6460197155
397,139442.33079027286
587,191238.1044403375
971,137107.136360665
2611,145903.61617733754
1887,110634.65787589483
2399,365012.85439878795
2148,195782.41773535687
304,115834.48631149174
1997,124422.01728895039
2817,115003.96638997113
1431,191825.8745167276
427,318838.6712887538
263,125433.2091870924
598,167538.84101355463
2895,233110.85606608092
687,139871.73141871343
1822,137959.44987788072
2191,94329.70570690204
179,121707.2855970515
1009,207090.0461914322
2010,129551.24330821629
1991,131380.07817201148
1411,156185.68114555866
1721,223699.11900020172
1144,184529.2957095552
593,216222.90521093708
575,2187542.280490349
1249,162824.80182035107
1604,124205.17737417576
1064,632629.4393267549
1923,154158.78102698657
1988,110610.31461491728
2325,168263.2278808211
114,200120.27045149088
2700,163872.9337512725
217,136701.81426352874
343,172406.09505910464
386,222095.6855742968
2005,116615.08342632873
2908,141949.52317117085
1814,244513.10550076832
2446,690589.6910598369
208,134831.94748484227
1679,112797.29527588784
822,326097.5443848539
6,193419.4124863504
1781,424138.76692537044
2397,272659.1214569049
2340,308485.48741612
1618,178988.49190981273
2843,124857.79271494345
1061,374492.58266073494
2786,129514.7458342056
1935,136616.23173623986
1341,114784.04710153272
521,274706.30426705943
2136,132946.94123015055
996,195738.91855422876
227,144305.5583075694
135,177210.99622550566
1167,170303.7755918995
294,231993.60100736655
1776,203205.90213515266
540,163151.02296994548
1717,200748.26447686722
2303,134267.31345557774
116,178149.27895499684
127,132448.2635200971
1371,132737.27785396107
1014,105437.45430968421
1507,114686.96003685737
702,118113.4524640231
750,144123.34159788577
261,156259.84114867458
1559,61214.20168391162
577,215113.64696440854
2812,195359.8530066137
2080,153456.42282644403
1368,108298.6887146252
2376,125085.63766528988
659,111577.77485247415
1235,135508.7236029388
332,87932.24787638064
1917,142062.96792876042
2094,246676.86566852898
1460,247873.12779295517
1471,211744.5402567698
1509,126834.4414350271
1922,133819.4419122851
433,680089.7897240306
460,236264.86456777275
1116,239325.82365418356
1137,161692.43619935337
53,169542.5380367788
2354,268917.857243964
1475,194466.22712017296
1761,830127.5818734883
842,141848.32994690083
2739,124300.4545499996
2509,159643.50492586885
1007,200266.0075755364
2610,178749.6658395762
1952,92818.59420408042
2719,158063.17028916153
2921,92575.20576430537
1966,141456.94647789912
292,112020.05025550898
1204,181786.67761241776
1829,261729.93893958177
2419,185493.9688323897
391,145405.3131101518
798,112316.34506794058
481,196969.37476948492
193,189163.32384502515
555,121557.77178527888
899,72906.79529962622
2357,172966.147236095
328,117577.54432971755
1356,120051.26693691453
1154,112490.10397651565
1730,173594.2875124684
2249,150641.39906230514
1119,285252.1429473212
2856,136989.13266192286
1394,111715.52325669698
2587,112195.62113426319
61,302205.8996312769
2661,164278.96543830654
2711,134929.4524699981
1147,175734.42565741835
757,121739.7405017064
2623,103553.45576746445
2378,143112.07671252044
1413,146727.50350202402
1722,213549.5407757665
1112,213450.81827648866
1623,192835.8990329494
1201,180750.33828534957
1513,114713.84618083338
957,981757.0068166321
1171,266523.43095795455
1145,190308.72701454794
2726,241608.86650496998
703,139479.6807966492
760,85419.04704360088
1964,144964.54983464812
2512,175625.67366974015
159,137189.04798634828
1281,161027.74812818356
468,179255.4632049153
290,123386.69545865341
665,102956.5970467282
1463,252632.61425461542
1792,222803.2586072054
923,148942.5220845425
500,250547.9500505937
1408,189058.2799032392
331,87302.46010231062
170,91007.36698995814
2192,102206.68538824808
2571,236588.45877867474
2314,175017.75492108788
2647,95144.09644959065
422,479401.4936729043
2457,384885.46593834745
1838,199260.25646352855
2805,251648.34226040577
1645,156125.8948507321
1711,286371.1140421068
2825,236796.83910502383
322,322610.69359778735
2103,255254.72237094006
342,124459.89830094427
600,125613.74362314602
488,175684.47127342937
1725,289879.53171008057
2246,291835.93663845665
2847,151870.2798925378
806,236567.7370385791
530,233350.74475007132
963,184674.0492334181
2678,98527.49840513022
171,81787.16938269549
2401,473864.53529570345
805,223086.08535854737
2259,233167.9842297092
1748,179756.08053704066
1361,141443.25142862563
1677,117148.390165319
1406,140876.42700009487
2322,249844.21590695044
688,148190.423332022
143,141879.17792756733
804,206553.6069613504
1214,138749.29294175384
2828,145976.3032370592
1999,129879.62440102665
2467,197394.58375458352
2665,146905.69969198995
1538,440127.6961543801
398,119453.22591641566
2822,135915.80737411545
2157,145524.3289301356
1856,190877.95059973391
1269,105634.63180906454
2570,118157.20092335173
2320,230676.0343071395
1517,140519.87861103745
2304,134149.87847249623
1312,99843.75882580412
2012,133684.43595960853
506,260062.68024941327
2865,231952.05240659043
2367,108137.65700240558
554,93297.74163503449
238,131207.09691392526
1954,121891.75314937864
2488,126186.88491001853
2291,88009.19131307576
1969,109030.47483043227
2725,130041.02801561753
1482,149656.5269865018
2763,190551.36442676603
503,247068.5133183409
1584,242923.86467593207
1531,139975.00862951606
2210,169700.1578542074
459,322783.1378636498
556,129935.667726008
1347,126565.22545629992
1290,87009.73922460378
1388,107927.26517538088
1571,648530.1942345393
2754,194408.68887094327
765,134759.93340573146
2494,130652.03050049598
2870,238433.9135549573
7,212760.03523389224
1114,237701.83125445247
2418,279759.2901246685
291,103849.3995316672
18,313123.93466587097
39,385735.9868126345
1001,229322.8319027399
2442,224881.06028523445
616,120333.62047327965
2680,82716.51508567567
1414,131200.47855235374
289,143563.35999139948
40,245948.04531384338
860,124553.52717768095
409,139124.28609824285
673,147191.33780069844
2427,174391.16741163077
2036,210600.81001589823
2564,139511.74364559876
642,146927.3100391067
1008,177024.25490441913
1908,140137.04904790205
2519,194609.2118522239
1369,102088.92033306202
2855,170741.53230463425
712,106083.1851368287
1943,116859.39679589542
1958,126557.62445752756
107,153424.01248690032
2295,194515.47136801342
704,99875.79948290935
676,133575.65460874184
259,179960.0645147321
93,288434.501980382
106,244890.8434670793
2315,176981.22349233698
1050,116076.70407483239
1095,204873.90957548906
2709,143192.139271057
758,129023.92342882346
1496,155174.1028958209
2370,123955.35831743637
2458,281870.6563886498
2733,129074.01426535235
161,278507.40478303406
726,148801.72051557765
845,202829.63390090567
947,252048.57650243607
2232,117731.88193589268
2563,152228.87685947228
2299,136168.19292962123
211,88106.52680780178
605,147216.39298105237
1478,192818.4539980296
2247,283428.43123354664
2274,199380.226819781
2869,216555.90936774664
967,209321.4031983688
2656,118447.99665896365
667,182290.33553611612
1042,114170.27876501577
2023,155039.83600887682
2447,405081.0138191006
2055,125911.84735743736
2275,283868.5845361441
2204,171745.5026154342
1563,275206.2464284719
483,209414.32917595055
796,130090.86311482076
1526,171518.10265370898
2042,123389.30385982296
442,335106.75299342984
1693,312419.13511378266
1468,216952.94952729723
1430,183564.4222348107
2605,121824.34780218147
1529,203975.68395888037
335,154416.11786097687
1287,124616.27127452278
31,105042.74350943041
1785,288660.5466888523
82,153742.68734093138
2620,94920.66948099043
252,182657.8870640875
721,58785.93848131406
2165,178985.15800633348
2316,183759.17531344004
775,128784.21232196775
1558,72107.46975442414
17,227320.4564043851
1022,217839.36241685672
925,127653.42744626866
438,263432.92625799257
1270,125224.3144911149
1272,124662.48169848091
215,133127.27011561627
266,229418.79349558498
2402,268475.04511537583
1250,131230.86545342172
1984,117433.83354111496
1279,141249.19325345237
377,261009.23687412642
1252,118566.04620959653
2156,264946.109411905
499,325906.7501263076
1374,130698.51647808998
2898,248604.35501228014
401,119038.00926706337
2721,134905.68613821745
2078,170309.8329276116
2589,129204.60500943882
1946,216371.9587180491
1334,122093.88416478541
2781,223987.19415612167
431,401063.5327754182
576,189679.47051972928
1474,206568.52858686735
2254,146017.3510734925
2155,293253.76886508433
885,102986.47074775957
643,138866.58027190098
1944,128922.13623184903
480,194351.0041833537
2845,87059.66162038637
2387,316288.14921781886
2407,201925.4529003626
2527,162563.7014200553
2514,157144.4960655346
629,137329.45172415557
80,890619.1067375393
1876,141118.77866671406
1546,124981.45681077117
2518,169906.6197341524
2347,152028.3742535034
783,244174.08799752162
1322,61611.54015711877
194,90775.90856086362
1770,288890.2536282178
2143,129962.31753151648
1229,202137.84281771112
511,293449.6893959987
46,224056.27818045038
1348,144639.04065499917
2465,195624.11177388858
387,235037.92791404313
873,214373.46417637967
1918,127701.11596796442
2764,236983.09978907902
2184,124382.29580819416
934,139709.46525504446
1920,132552.70055711266
2631,143532.3047306568
1768,780560.73003731
2040,120277.9559252572
1749,213406.20368853124
834,245289.45308440167
1457,230075.03841792356
79,123374.00755122003
2302,127928.25619163187
1817,144815.12928156438
2755,232570.84196495818
359,174011.45634263603
2059,115330.36901887228
2092,236346.87789703204
2516,224855.88033559363
150,124635.439656905
1656,138534.04697367956
83,98254.50751427774
2411,185285.6646975684
795,82936.23863716662
2312,221797.3256545494
2917,96559.66005791479
1624,178250.95966870637
2215,326359.73838483356
1211,150627.19920465833
1485,152260.51192097456
1024,168093.80660470558
570,196752.51234957477
2874,138789.12563153694
700,93717.35480332433
2756,207938.630719504
2022,174087.63219372754
583,243087.89419265604
2392,371445.38251627237
2424,176809.1759072437
212,115240.9795007487
736,126791.88357551864
1610,126868.8790627136
890,120289.87620715509
467,176474.9280038697
578,206415.61123836826
1747,191266.20327129017
1149,159815.73366558435
2758,256654.8921891656
857,139924.4773073238
2219,245801.69915913197
733,79160.7332749174
2909,110792.77543475393
1798,259660.4591090455
235,123854.18841198974
2366,127455.32919631942
1027,135225.61903225828
1195,139383.9290802133
1303,69246.78907765013
148,173495.66215664675
608,152081.58386187998
2515,193999.24180961255
821,254062.11375205356
2500,261743.21313222867
745,109859.93120385865
741,126188.62614796562
1611,92349.53234538835
2532,127042.24025818515
1081,224682.1267149065
1692,477953.6479625211
2520,167741.48314348416
276,107459.54228338439
1992,123866.99501130391
663,73325.54048559049
418,128344.82548363796
1733,191418.720492829
2359,148702.3158251567
253,180579.6195603852
1518,167404.56667856293
2035,126975.8357417706
2919,88262.82906032774
1540,278941.15332513733
2120,146371.41399586614
1674,169870.81898153469
256,151079.46838242808
2361,113078.89840024945
978,86370.21231936055
2280,134482.71700716153
2095,217277.82293588473
1709,341365.08854058164
2801,257901.96575025024
1246,120650.30192523307
2373,106426.24691200581
1055,286202.3655047465
2017,122682.23206439558
1099,245341.3505062365
1344,85928.41671645979
835,139918.44864866152
1117,208815.01198911777
2043,91171.54642154033
2085,127420.84927182143
410,145302.5471783182
2650,118704.02627962959
2867,184253.7256159895
1668,119282.28176940883
1161,167984.89379241344
2122,168553.51049768197
2539,150253.4414822698
1047,140069.75286758563
1445,128710.1190193386
541,128050.27524230017
569,220532.85765868923
1276,120043.23351205229
918,150682.67586176793
326,164238.81390249354
1936,130597.73545374934
895,104300.93259245824
257,145793.41143955674
1241,178744.1545534583
1545,117982.5234953399
1189,211009.13785095184
270,147495.0808013356
2066,154038.64923803718
693,112743.10066011056
1259,131823.30797229594
2916,148171.15403593227
2321,293465.62488081533
1977,100591.78510835255
1895,144869.161333433
1240,157546.16323136582
85,125834.10864203148
1823,120012.16517881447
825,309227.15165621036
110,230143.74159637347
697,121174.95230331819
2297,121600.67439494537
1231,137218.59539703449
1355,130870.79717936808
968,348720.3145936134
584,214884.05905949758
1315,123108.46955348285
1606,145751.81408214546
206,97597.04911266238
1685,356596.84397307044
2016,131488.809707231
869,205355.55974448423
2135,127522.86780207776
2346,178590.472678185
2430,232123.83018287763
2198,74454.35343300887
2652,121849.02173876698
27,117105.23946892268
241,164425.4239134696
906,122582.9304187942
1506,117386.03818143462
2098,400442.4552071151
1435,218573.01890155915
2213,129416.89078864153
1274,138031.851539101
743,46738.904111999494
1737,195104.6815657965
2797,286168.46685500967
2185,81037.23796945265
58,169499.40799737864
830,196825.86277221036
808,117276.46777107964
680,140193.46243362353
1153,113395.180840637
1291,122410.29133843158
1818,134629.61613603905
2161,183310.33900767346
1883,122034.76994072147
350,378358.73688834085
2473,141225.04126003687
295,184891.1689158005
293,135569.87449552832
859,133724.80080788216
288,84462.51745109567
1578,151208.02964887867
102,188549.43749127287
2831,135669.71036919154
1030,153889.6823493899
2551,147767.15230676197
1286,141735.81018488164
958,308090.1868834153
776,131456.52192009552
72,223482.1265319575
2263,248163.26632844124
1866,158355.0257861363
2876,85128.04199061003
2146,250559.2191257048
103,176122.56424229807
1500,140818.87506266538
492,188677.67665086043
167,141958.38443351182
2597,118435.07286345854
2685,110674.28171402382
1035,156285.24906488784
1220,83576.30974825128
2602,156811.2776724906
2159,203928.83731373254
695,131808.948436846
1109,259569.86170310882
640,170408.87124212118
1652,149176.78670064255
2090,154790.8682557319
1188,172114.09651885112
2345,258250.78260410312
1059,455106.03369304386
2751,229066.73132153496
128,152279.99544954134
1523,176504.96778729427
2925,185918.91852157097
2145,305592.94608146383
1121,222065.57790038665
566,240376.5564435132
565,249357.39114554375
1331,131098.840319812
2928,129289.75491023604
156,144045.7249386435
797,106108.39556920639
327,96290.95048916008
2859,121713.93109805288
1453,123330.09234378478
1762,361428.0981331929
1868,195420.54618858604
1760,176607.75495411473
1113,239027.1781224737
1812,192290.4464314692
117,156319.58192765608
1142,204433.48604615952
2342,420597.3780638222
927,142844.9161580051
2478,180760.3432282704
655,91868.16638780035
2064,124482.15572384297
369,264100.9411994692
2239,117284.17406822802
2732,209644.94565155846
1653,159799.47868025771
959,209507.09464672813
2395,348032.70752440183
1412,111471.51439550887
271,242866.23491000815
1484,150895.6403611432
1497,146351.12095887048
552,157992.52497009633
2,118549.00408148463
1855,308460.2614726865
4,261350.08156857762
2292,156173.05432212222
134,141280.4994403211
646,111840.22702591291
42,284973.692265625
532,225658.49518509323
713,95784.07416412694
2561,136127.1529773244
2360,134139.81860372782
1333,116744.06492074265
1407,279013.4036592243
2892,327880.93176670815
574,219309.71904105815
1227,175451.5808312562
2591,208644.2502820695
1476,213578.33391611566
1125,246260.7749726042
1446,146521.96525643708
408,118300.09518559059
1101,290688.8343216413
2251,185886.01476542326
373,173851.24696680834
2554,131255.9056640044
2382,254248.77898283227
1985,92901.04400393266
519,239935.21701403364
1093,185969.09557967665
864,254315.2979993281
2889,142683.41404765908
2308,175869.43546599863
986,192905.0351381249
1302,142756.84768087874
585,158637.50098261787
2708,150007.7544795794
147,132619.53213166824
1441,226743.86517405417
383,187809.73250304346
285,118566.74377020057
181,112186.38668071496
358,194892.08422668523
780,164433.93692623344
258,193714.47258235503
1865,220304.635679712
692,117363.72101160721
2902,354068.7349191223
508,254680.16116634457
2638,141908.3680260267
36,142248.0591715401
611,166680.3692369634
2281,144519.6177551633
1678,117609.67026964898
1696,525714.1043878288
1557,68076.47385182668
2180,153703.24633057302
1726,213876.64667346707
951,146122.08306435222
267,221220.6273619244
2706,137228.8553116808
2221,257458.31132616202
1357,169396.7793061561
2901,334376.61417166155
347,175930.9429745128
2164,188834.77605753907
1586,322941.39005372213
360,154406.46167262094
1769,240042.43916847656
2617,155371.78699978604
1879,138578.90771465097
991,239262.17035080018
1535,122636.74777411457
1191,140930.2139560893
1579,210530.83987933336
1882,149140.76296679382
1510,128235.5804121496
2196,88869.908261499
1845,176990.08322501217
2336,397498.9532936607
942,95990.54429026194
861,131522.94929258115
2555,115633.93608376788
1392,158652.82827401054
2099,253889.73728524655
1543,124443.86642778222
948,268823.76508804515
1239,164699.90816263267
22,182074.54486890128
2796,240498.38159181105
2747,177851.43682327922
92,283093.7380411908
210,163297.6371346602
1858,196662.97550404342
2228,157904.27849636928
447,215844.43073194602
827,243761.03564232303
1649,205991.2582894662
682,133420.23857227518
2698,110748.90284674847
494,169384.15832860515
214,71595.83231094321
2441,240224.00097896816
2679,107126.4709737953
1336,119794.10399401195
465,176168.56999394603
1524,139891.89688647154
2543,114204.650432953
631,144164.0623833392
2452,307276.4850654444
228,153456.8503441484
126,187865.7999209381
1092,234636.9207369414
1122,202136.83057178798
932,235831.02623684335
1980,95289.93674457296
2171,112603.10115942158
551,161135.15232293628
2768,169821.6162635946
2056,113677.86586246794
1159,368975.7277693059
2645,117787.34017856632
1174,176767.10391418135
2266,211222.836271436
2462,447174.59288633644
1219,148775.02952697422
2922,171700.26654638097
118,140966.74225918937
474,169053.08875398716
2576,147511.0446982865
872,297156.5530354344
1077,208054.91876117644
1536,136181.1922965272
1150,117006.58735697393
2341,330016.1427476809
1931,150895.01513966318
2785,132047.30034253126
2538,130141.53711481976
597,199368.50834208308
464,187043.30438380965
233,250600.1462820738
2169,131753.49336885178
2123,172081.4725710295
1867,161977.91594923302
137,251583.71572911632
515,242040.16087423763
933,119263.6702760467
2784,160932.77052702926
972,161092.93608592317
599,151492.01429364452
2614,128179.69634469338
2582,134811.58026110867
1409,168930.44750048424
175,98188.32623178395
352,213285.5504175137
976,96383.69047641833
2134,192783.62240665403
984,118622.62901375683
2396,370967.41207621864
1673,144266.69343911737
404,122158.3737207086
607,153026.39512201343
814,143584.42820501752
868,188253.86073471472
2271,178716.28880133128
1633,221970.0829885868
337,156889.8558938949
2765,183758.92397108834
1746,255202.44232930738
368,314919.937530095
2806,204894.26378610355
1662,187322.7415765102
1234,226575.6943391965
1373,125856.07172998622
1672,117788.80725861955
1939,123065.66872064458
