Id,SalePrice
2658,158733.55368691258
2718,154743.90593166623
2414,216581.17814604068
1989,101821.92101474215
625,169133.48696913017
333,95547.65952196188
1327,106017.46296801229
858,160418.71689299823
95,183295.67683255958
1568,167382.04181446397
2482,152710.2812666066
1364,122853.51562445791
2584,138311.771720835
818,280673.2094320468
2673,128271.93231588068
2089,125059.81665534293
1297,152719.39442630013
790,112233.9952474488
2616,185945.20172844722
720,175744.78845645592
222,155286.4303402931
557,135616.65112290764
1148,187971.12378543147
2766,166549.19696696202
534,185488.27680472707
1452,122862.78652017149
630,116561.85705544536
2648,112898.10909164352
125,151664.86774566813
1904,73265.29839114143
1670,110773.04406203638
756,96024.58012855629
717,228782.37899944762
1032,149870.16849497674
852,203501.75767260362
1731,170653.95341951077
2639,111980.60181067706
2071,95405.87339842146
1267,127564.90825641245
1851,193905.05843481983
567,166360.59356100005
2439,205673.43039484226
1898,147708.9943341835
647,158272.82247253205
2256,220672.52336903854
979,96325.7312832984
1444,217123.07351462913
2485,121885.32899749637
157,127080.42778528636
88,125604.76911425186
2003,109800.41545498713
186,215783.1116706365
1425,236722.7791830414
2695,123271.50648719215
738,112136.64324259835
395,156234.12311483631
1353,165252.19444218618
1878,139663.05917104724
390,155712.36132531628
1456,238630.9852795429
1103,313340.1848067316
1387,132462.06779691184
2070,153519.0053094682
1199,170022.7774579298
2479,169971.15172844293
501,335307.3582952794
2362,99811.18434374857
1718,204065.36276387508
2188,99670.53030769837
1483,150359.0110470055
2557,93815.7058150011
437,384992.3665269067
2224,143540.36783759727
1628,165226.50484138547
397,143152.25891740652
587,192522.3227198669
971,137484.02837333028
2611,140211.22699473734
1887,108230.94576375079
2399,367394.21251739265
2148,193867.37317098712
304,104777.16840746609
1997,119715.58886339793
2817,114612.12253527551
1431,200988.70714759678
427,315838.2720077264
263,123556.0743026723
598,170192.32596197765
2895,235290.35878819868
687,133698.0911093925
1822,139564.8679655393
2191,101859.53025071979
179,117880.53324386664
1009,209938.75672420612
2010,131220.6170895166
1991,122418.8072082363
1411,149995.74281252673
1721,211732.855904063
1144,186790.69049344285
593,215557.53194832974
575,308068.6802126936
1249,161666.80873685933
1604,125482.87722911319
1064,579327.4752041694
1923,151873.48150646174
1988,109862.2446037239
2325,171306.52147891885
114,195595.6298552805
2700,161048.29542690943
217,127988.18190691128
343,172104.52964164177
386,213564.88533061405
2005,121201.1396565041
2908,143295.88990475883
1814,221951.42661972746
2446,437794.2704067752
208,138681.62596323792
1679,112942.53782830527
822,330677.4463648677
6,192248.76648031795
1781,415458.70312707237
2397,279301.6605712183
2340,313998.9614319536
1618,178965.0957653096
2843,112678.32607524082
1061,370635.28547050676
2786,132590.36551552385
1935,136352.30669119232
1341,113416.035654996
521,275113.0716052683
2136,135425.53168452013
996,201458.60176528638
227,138437.37250128633
135,174738.93210202534
1167,175610.02423956746
294,224356.64376212633
1776,201857.97564915486
540,161778.58874024914
1717,206282.00295896566
2303,136855.68953339293
116,177606.4585395235
127,136649.94380386738
1371,127799.19172655819
1014,116852.91690682307
1507,115793.99677813408
702,116962.6243243442
750,141045.88781164246
261,155938.96844280948
1559,71879.90006321721
577,226294.39004156567
2812,192327.54343039263
2080,150359.67413082076
1368,109518.98982471992
2376,123914.55937690855
659,107070.79255500893
1235,138722.5260059808
332,83189.45538194574
1917,139592.3615712266
2094,260190.64433550337
1460,242551.70646317562
1471,215405.95315453823
1509,124725.8753832406
1922,140861.10639973189
433,611088.6504098034
460,236406.53976552867
1116,244077.98904978298
1137,160235.36068517563
53,166191.5404557974
2354,267130.1862894272
1475,191126.0513550372
1761,617059.4656223876
842,141242.48892744337
2739,134951.17024803595
2509,151780.10339696074
1007,203949.57823417158
2610,177797.20807690054
1952,87367.57934834443
2719,155076.61449002838
2921,87866.45968299368
1966,138764.99036067814
292,102917.33092560119
1204,182568.83313030278
1829,288329.0282180059
2419,183786.52832007644
391,143756.75904113002
798,104317.20873283285
481,199919.73562084427
193,194556.16613360893
555,123762.91306259832
899,63588.425570698164
2357,171411.93016203216
328,108964.32830832958
1356,119823.96811082543
1154,103567.6523505321
1730,171800.76249858405
2249,153692.47712467294
1119,290378.13322195783
2856,133304.55961220656
1394,132937.456924293
2587,122453.30870608079
61,311808.56933218736
2661,166341.58507415163
2711,137768.37518916742
1147,186587.24531331117
757,119496.71619430088
2623,102255.33187875645
2378,145479.27726860906
1413,136506.6876592235
1722,210070.84568640767
1112,220404.14821100066
1623,192545.47064853052
1201,180925.7421508503
1513,118033.02137174089
957,555412.2694644515
1171,267335.9850095246
1145,185442.93622088243
2726,217591.96677747474
703,143314.41924371678
760,92876.81663858572
1964,145485.18981150154
2512,176975.8985286647
159,130448.08101749283
1281,164676.78560193698
468,181790.90271664585
290,119010.80874571862
665,96788.20755573234
1463,246462.96591575295
1792,224875.94281879455
923,148451.9475281232
500,253510.33153603118
1408,184518.79960572484
331,83504.60375491738
170,112974.98456889685
2192,99226.0513256261
2571,238415.4285105112
2314,176380.52204824382
2647,94495.05250132472
422,449332.7952817015
2457,370113.1963574423
1838,189200.6951901066
2805,242485.82095251503
1645,152202.1685376287
1711,292132.24529131135
2825,236119.75583015193
322,334670.2052135021
2103,252129.25519288512
342,118614.42930392775
600,123291.49481305783
488,173810.3655954363
1725,288080.165272491
2246,296764.32351839193
2847,146214.00277778532
806,234634.07088860302
530,236335.87139111658
963,182204.34525307597
2678,92711.84696289877
171,88848.62426977258
2401,447321.6491712006
805,229702.25033946408
2259,203526.90865206465
1748,183911.9743206098
1361,129919.1096557206
1677,116004.18255809852
1406,138944.97870137705
2322,240054.63339302468
688,147159.56051154647
143,140984.67673648664
804,218379.8915051426
1214,146376.37344641157
2828,139037.67152450132
1999,145959.19981116365
2467,190759.23238765704
2665,153597.44280194564
1538,407081.13540174987
398,121005.93017771198
2822,133031.0429272853
2157,141396.01485350984
1856,206048.0648734516
1269,104344.77724669663
2570,116974.44410038812
2320,234917.16867247448
1517,139166.23548986408
2304,140692.81525628033
1312,97509.57533933985
2012,132809.6687537477
506,245141.1616724741
2865,229350.50193264362
2367,104350.3664712248
554,82578.33565079354
238,127280.68209675552
1954,122362.65293036403
2488,128578.42411024775
2291,80766.59049439777
1969,112400.76461860514
2725,155244.87536806008
1482,147950.54921510996
2763,189777.61556134126
503,262864.52398638986
1584,245878.0984699475
1531,133749.39478350524
2210,171269.67031369076
459,321970.5099856023
556,133039.32361075943
1347,118736.5958956523
1290,82337.74550526468
1388,104905.4976726662
1571,400223.4107935465
2754,187324.0355563138
765,138209.07532250936
2494,130440.46558845536
2870,238216.68143765876
7,213429.39608168983
1114,238215.97086123165
2418,276367.83248891315
291,123801.20659876376
18,308865.9770113056
39,386199.28061573225
1001,246135.96601257307
2442,227634.76850356592
616,123386.34665401404
2680,74096.08318489586
1414,137138.1376443048
289,147858.7590808977
40,243023.153965148
860,120006.32329396628
409,141503.5166756488
673,146536.31603802487
2427,167429.55000284247
2036,206657.73312086394
2564,141298.82271861704
642,144901.14863353068
1008,175959.17901057756
1908,136832.50084375695
2519,210066.79298315948
1369,100364.34941532562
2855,173303.62271518595
712,106327.3901918313
1943,119095.12677597585
1958,122363.372399704
107,158392.83631277466
2295,193663.23079013487
704,95454.57538140318
676,125010.37398999324
259,180579.16959142828
93,284743.7593605436
106,245199.58011238356
2315,178275.45001612502
1050,114798.55323763988
1095,205307.01272294266
2709,152398.91130399384
758,127672.55001032932
1496,152917.0075515002
2370,125508.86121892996
2458,267046.59804671264
2733,125804.4145705176
161,270509.6313920354
726,148426.86716489852
845,199882.8217304957
947,255909.48466992105
2232,117063.3712974148
2563,151927.38445293886
2299,124420.28528514729
211,93204.73306051771
605,143175.31790879683
1478,188953.30856574676
2247,288941.8837608932
2274,191566.74574280475
2869,221145.21567279156
967,210561.18766050684
2656,124332.36569158007
667,184923.8080675812
1042,110276.01127049774
2023,142377.29198051215
2447,388605.9865506095
2055,116514.8818085342
2275,283145.20251668943
2204,170913.51813216496
1563,279033.2664954006
483,203474.66352436805
796,126458.67983767003
1526,170161.0005094388
2042,124928.91886028796
442,333165.6348752101
1693,314192.01271095086
1468,217458.19971669067
1430,205708.22671327274
2605,126766.58541647809
1529,205199.14001062696
335,149673.86807348038
1287,122157.38414549695
31,104280.40851990147
1785,299339.0367002868
82,154192.5570797884
2620,110196.45039734864
252,178179.71788703618
721,64417.675809369655
2165,175582.91019429368
2316,188948.37711375472
775,130301.46675946364
1558,72370.01442196718
17,238327.4605949192
1022,211172.0449635333
925,128246.34725298328
438,265523.6146547201
1270,144039.11641886915
1272,131833.43657728846
215,133545.5393816709
266,231165.8112534877
2402,273940.00706057437
1250,129274.17239591654
1984,123510.63326344058
1279,141675.9415376001
377,259432.66774444992
1252,123188.85935810077
2156,260695.36856100365
499,321524.89265563886
1374,131474.2375913178
2898,262032.2660463729
401,117077.96581250093
2721,152528.92380385607
2078,229749.37526826552
2589,137272.9488616191
1946,220626.43245245056
1334,122770.90128359002
2781,225529.97224822306
431,390780.20630166295
576,200129.91653186007
1474,208543.3715351954
2254,147916.79022313945
2155,291806.84737273643
885,99530.22845697655
643,140230.89827633207
1944,125061.5212609833
480,193490.50387534563
2845,90334.78490355035
2387,313457.8421644355
2407,198010.60146266737
2527,160459.84788022828
2514,150212.19765111068
629,139677.2658490781
80,247486.61813777927
1876,137819.36668105988
1546,117363.29989426096
2518,172241.21319771514
2347,150280.32243149952
783,236370.3159438861
1322,57708.175992068755
194,86372.72979122176
1770,288806.2871551844
2143,127273.61102680708
1229,200512.64130093367
511,296407.28851669416
46,222860.37936775942
1348,140272.37174467123
2465,192606.9870915189
387,234279.9970866863
873,214115.2835844626
1918,128865.6883623878
2764,239129.09383343463
2184,126335.71727764407
934,139954.1488469022
1920,131621.90561630204
2631,142093.7711681037
1768,528947.9528373207
2040,112865.62982383186
1749,214631.3297920722
834,255232.27306820353
1457,226782.13012873393
79,119738.33237867629
2302,129187.59328079966
1817,144847.22907107964
2755,231266.858750791
359,178154.2217894394
2059,114030.05100561472
2092,253479.7472542759
2516,229551.49774192268
150,126080.64343194099
1656,129841.74658341393
83,94025.40339293107
2411,175487.51521387056
795,79115.61604278711
2312,221389.46954452273
2917,89390.55096616894
1624,175758.6320544538
2215,333334.4836688599
1211,148049.94707493356
1485,154550.87705514822
1024,168773.0972178935
570,204940.30387044817
2874,139338.22866449656
700,111369.18228698196
2756,205326.13633275087
2022,182412.28716162418
583,240667.96571283162
2392,382374.17724998633
2424,175263.7917042674
212,106747.33295972848
736,126061.4617525217
1610,139587.82774479935
890,123466.39574826523
467,177610.4422982051
578,193684.40107388012
1747,197921.7639788104
1149,155528.61455312298
2758,244248.75997598938
857,140035.73805520235
2219,279453.93232163554
733,78262.78686088018
2909,109624.29681287028
1798,258730.93222533958
235,119809.36157341141
2366,128871.61008138173
1027,131739.82153989395
1195,137534.02504464332
1303,65364.21907395951
148,175783.55434737055
608,144988.8489435231
2515,189563.47733860556
821,258389.23884271944
2500,260008.6284497297
745,107692.59274681643
741,127654.86703529967
1611,98111.28053988186
2532,128307.50066985392
1081,228579.01544217177
1692,446520.0551618701
2520,175981.26932493367
276,112154.33811054708
1992,113619.44056846361
663,72006.7621951496
418,129479.96703357865
1733,190848.24001815345
2359,151609.73195220862
253,176415.04902669883
1518,162567.75317126978
2035,120297.92239345318
2919,84760.9243539698
1540,285814.62662206386
2120,148009.68557909687
1674,171252.8915801308
256,158008.94954654743
2361,120093.14006895485
978,80316.34930930888
2280,152779.57357001738
2095,250730.58550089019
1709,340447.77709867776
2801,256292.03161006572
1246,116045.49582600783
2373,99593.504643252
1055,292028.0453018473
2017,119250.71306199684
1099,257946.189670237
1344,82924.46546076918
835,164721.51646768404
1117,204614.36688032668
2043,91709.80183706354
2085,115375.37978580644
410,148634.83127327735
2650,118381.84248109782
2867,180244.27898172228
1668,119302.81004146754
1161,166480.5217918917
2122,166728.5562546473
2539,153052.30979727278
1047,139510.90117255674
1445,131846.89285099547
541,125770.77581653095
569,224653.02146650656
1276,112068.81703537314
918,138590.4126050171
326,163773.2906880773
1936,130720.46041880056
895,99027.36445920535
257,142446.21412598854
1241,170684.59394394018
1545,109165.48442792876
1189,161090.38358243738
270,143908.55361296673
2066,137770.35179333735
693,110824.4431535486
1259,131209.0986656347
2916,155180.4426093555
2321,301794.5955495001
1977,90064.47318584111
1895,151168.3221817854
1240,159545.78081438394
85,141544.03107574876
1823,120656.51067166444
825,295662.81906867056
110,231271.2331540938
697,111346.87785280182
2297,123834.49042533916
1231,135362.2326028621
1355,130964.21949470448
968,342766.48170447693
584,215289.7882773643
1315,127306.13667836571
1606,144033.57551773367
206,90596.97510990655
1685,356269.02798701084
2016,133564.3792211684
869,200913.68262781182
2135,125901.27197934981
2346,175051.60657556646
2430,233753.14811404707
2198,73440.35455508082
2652,122794.81885510164
27,117202.68741049094
241,162068.56983326154
906,121013.03462762678
1506,109163.78945239529
2098,384318.1413504544
1435,219868.56299707433
2213,134125.68149024792
1274,136996.2865429647
743,45676.12652022112
1737,193680.8960019268
2797,285317.87195737567
2185,78919.39585936548
58,172705.6804893489
830,194970.76959845042
808,118551.36917311334
680,143510.44924007432
1153,110165.42921479138
1291,131661.9301466431
1818,148011.53744790689
2161,178091.97467330043
1883,122387.3550708933
350,368968.99553366384
2473,136079.7180259552
295,184218.90123921083
293,175165.36635511444
859,130394.49215335777
288,79844.57961473397
1578,148435.57822809837
102,202506.8893503582
2831,141799.2647933983
1030,148439.27629136122
2551,148291.29891835112
1286,140486.2313870678
958,311306.15527219395
776,129142.75833046212
72,229437.01776691878
2263,247811.87701603817
1866,158144.33779883283
2876,79653.67535446171
2146,243454.5581608072
103,173212.49654703782
1500,136214.48833951654
492,181161.89731931238
167,149725.00392065346
2597,115428.19781069923
2685,106073.29484772269
1035,157758.011952325
1220,78056.36014355926
2602,159513.87361980512
2159,204804.54102242843
695,129010.84506692481
1109,257096.35719977113
640,157130.43924904166
1652,153422.61320117058
2090,154426.51245405106
1188,169050.46180960198
2345,252090.48274964397
1059,427524.2489091769
2751,223652.01762577312
128,201219.4795144802
1523,202246.3103565598
2925,173820.56038852333
2145,298083.3416655298
1121,221476.9876069907
566,288798.6397001348
565,231290.18844630785
1331,128845.15856940692
2928,126301.67767945355
156,146243.27056471418
797,120803.35174179458
327,95831.93463414321
2859,135629.69892302834
1453,121150.31080945363
1762,350095.83862566337
1868,202490.26667789617
1760,176211.83108524652
1113,237107.72501820757
1812,191317.89648002302
117,155262.51409045144
1142,203899.16938005097
2342,415400.97811103874
927,146156.7939688837
2478,180834.9058100037
655,88739.64118518855
2064,123787.44754485221
369,255158.87854406293
2239,108813.03688757934
2732,197522.53792808123
1653,161662.62824831723
959,206679.1211989879
2395,354886.7987077622
1412,104442.64860650395
271,239331.27346130915
1484,149689.38359021096
1497,149174.88458522974
552,159181.4520044428
2,115225.04149535831
1855,295103.47589368705
4,255044.95995699565
2292,159417.7251574648
134,140562.78914603032
646,108946.91277460293
42,299887.22420502227
532,224178.94218719393
713,91818.16034271294
2561,134637.7831635521
2360,142227.98297694462
1333,116617.76257788025
1407,258093.08468760486
2892,304328.1847251098
574,224464.27234422494
1227,177816.37337525983
2591,216695.29286213763
1476,214222.08793556114
1125,247760.931921571
1446,159097.55764251816
408,122865.29289918256
1101,288990.16022622323
2251,194025.29188847396
373,170310.33740591782
2554,133386.4639801823
2382,252003.19846186836
1985,87304.64865581995
519,241284.6809182085
1093,189018.63999161086
864,247848.56215202913
2889,143392.64228728545
2308,168502.72169606682
986,203444.167718203
1302,134465.40083969946
585,144716.67975954484
2708,155629.0433846458
147,130797.66056007138
1441,223605.03047831345
383,194927.1830972163
285,139220.95154091594
181,113199.40996884665
358,193115.75248917993
780,179484.91152933825
258,191731.30712423002
1865,213921.7052571017
692,118621.74033239676
2902,342049.44005923596
508,259506.81196648697
2638,142852.64458000776
36,144704.5994740496
611,166087.36122396868
2281,143690.68366703996
1678,114951.07753870457
1696,468657.9448003239
1557,69414.29992203998
2180,155106.6227447441
1726,211288.00932308126
951,143770.97582257693
267,219487.15819492008
2706,136064.51680138067
2221,258467.75230586724
1357,183568.50596214575
2901,331474.7203752484
347,181462.2398591481
2164,185655.9933075616
1586,314944.9687821318
360,153011.70127069447
1769,248285.09714615127
2617,148057.67863034082
1879,150672.7185658862
991,253356.31793696087
1535,119044.56444250963
1191,142062.14672670088
1579,210051.92097262916
1882,96750.88956051278
1510,127330.34124959251
2196,105249.4058190332
1845,184407.47336561326
2336,389279.69281198265
942,83917.69796427403
861,136564.96662518516
2555,119655.92204710095
1392,159400.82980270637
2099,252799.44266559364
1543,123885.76042578561
948,266143.89248729806
1239,166306.57934595735
22,187660.52905579485
2796,244140.35391141224
2747,177816.6332887906
92,286173.35990412155
210,165193.11542790005
1858,209730.018224316
2228,152831.2940719743
447,215817.3290506345
827,241690.65570756645
1649,218548.54896956126
682,136729.3996486173
2698,98805.7855531831
494,170631.14899197154
214,74074.13560744723
2441,237592.09275611138
2679,108520.02763984779
1336,115049.50466432028
465,169369.4271576828
1524,131115.07131507478
2543,113890.66462072785
631,144010.4724703478
2452,312140.8091705996
228,154182.68431145512
126,198059.08218457308
1092,234929.2292233878
1122,202772.42880782796
932,226026.1389628548
1980,86392.58033976628
2171,107887.76691225723
551,160425.76364383704
2768,166817.53988438842
2056,112273.4038724328
1159,351815.17770187714
2645,118298.78465768091
1174,178634.71636266774
2266,210399.7852678917
2462,409106.5005919825
1219,148996.68038050452
2922,170030.1949181036
118,141966.11499041374
474,163500.29088400857
2576,146251.7332662313
872,288256.92430820747
1077,206145.25645602978
1536,133909.6389024021
1150,116365.80126027403
2341,335188.047972724
1931,151501.88000481314
2785,132345.59926522058
2538,131417.61875128167
597,190086.31263525892
464,182813.58944213623
233,246681.20952713888
2169,121839.03627166731
2123,169903.99168419803
1867,161407.80222400464
137,247418.8133621599
515,241645.0401901297
933,115192.97103594121
2784,172435.6109229621
972,166217.4164067536
599,158769.33973076218
2614,128187.5751051053
2582,142641.1575725171
1409,163932.89912415983
175,93572.65772059016
352,213678.72657052183
976,91271.7081590333
2134,190690.552720766
984,116014.16653323677
2396,384509.76132102875
1673,140310.63014165784
404,124537.99888822025
607,163172.82664528085
814,151281.6548591292
868,183893.31417358894
2271,178138.19282336862
1633,223723.35778397933
337,153420.0456965175
2765,162086.19643931394
1746,241568.71711199582
368,324118.51368403377
2806,204543.6757799183
1662,194099.2327878183
1234,207549.1908386436
1373,126052.60937210488
1672,115620.65138286682
1939,127280.86537187146
