Id,SalePrice
2658,152161.98544249026
2718,157676.83290703662
2414,213376.98163687153
1989,103772.22275447406
625,172959.19818700818
333,96127.64152348739
1327,107590.72095489838
858,148440.9446179034
95,188002.5630244208
1568,170998.2189959477
2482,156283.5882677185
1364,128282.45832140316
2584,146785.3623843957
818,296270.0848253518
2673,166982.11186915694
2089,110663.48606631142
1297,145524.0423440284
790,114472.07919218154
2616,179978.69260465272
720,197597.21061812824
222,154236.3269146242
557,137209.24484822075
1148,197654.5455467111
2766,170475.94110772322
534,188038.93733425983
1452,125226.78675920037
630,112671.2491031982
2648,110459.9817575774
125,145723.74023159168
1904,71353.39784368633
1670,115634.86262471684
756,99645.95879815385
717,201228.54790547205
1032,163041.80055439333
852,208406.01180188637
1731,170694.2934540142
2639,116326.10408820205
2071,93796.04082430895
1267,107710.33723861862
1851,193620.01656407767
567,161466.1502163095
2439,200622.09405228184
1898,147952.22570571295
647,172757.08382608974
2256,213306.8146956728
979,95382.36537027868
1444,220499.84322559417
2485,121066.74056101555
157,127129.71371284549
88,120745.12642588139
2003,112004.77409551818
186,175369.97733026775
1425,234967.4400731969
2695,120646.10865321371
738,101357.46044825975
395,154179.37215288528
1353,162454.40887703057
1878,141347.40272447446
390,164022.37767443078
1456,257934.55523894101
1103,314905.0376088625
1387,117825.61746034255
2070,144732.82616199297
1199,179770.67319942897
2479,166974.42305594595
501,284506.0544566001
2362,97246.66972012383
1718,205457.74405939225
2188,91514.7341121937
1483,146910.43606373554
2557,94312.21341085527
437,401516.4481893187
2224,189222.1958751822
1628,158699.36265430192
397,140721.24677520455
587,185317.998870874
971,122404.03934330436
2611,133128.84212316058
1887,106893.88339742899
2399,345678.06821795634
2148,194349.8368419211
304,108462.89798585812
1997,131159.81413611158
2817,112054.81231464227
1431,179370.11750574622
427,340994.71027093567
263,124037.66027863721
598,168398.71189916276
2895,215322.68145387142
687,146174.17966384982
1822,141584.45532936728
2191,106854.05583953083
179,122136.05585203366
1009,214739.24614185307
2010,125992.54059232687
1991,135858.20145634993
1411,152658.61471770093
1721,227092.77137732133
1144,189513.6827885207
593,222518.18816884633
575,272490.02811334695
1249,168510.39096485134
1604,126911.46636154801
1064,472749.92973155447
1923,160615.73771169514
1988,105172.7465641278
2325,165574.59281539603
114,198308.21266070998
2700,182026.26540068624
217,139225.91123631655
343,170001.7944861446
386,227051.91723674847
2005,108902.17262122793
2908,142038.4173218908
1814,240805.23964357038
2446,566440.9307144382
208,126643.2650948215
1679,106635.50198178427
822,313267.7147360638
6,197494.22112094465
1781,409636.0058253968
2397,276460.18720933277
2340,316908.3141094033
1618,174866.209311926
2843,141901.21266645927
1061,386496.9131584887
2786,133730.66937340744
1935,136480.49865227006
1341,113284.12441506243
521,281113.25522267836
2136,132567.2622919044
996,201463.03714208683
227,148995.02075648663
135,174956.53168594622
1167,165438.92883791163
294,239854.87840247242
1776,206012.046408127
540,167714.92503256502
1717,211076.90949062826
2303,133473.545725255
116,182759.18923642757
127,129590.21956008284
1371,135473.68167750593
1014,106076.47741567637
1507,107146.13577172287
702,117739.68796002668
750,137942.09186383357
261,162607.34994828826
1559,69866.18703430594
577,212154.82581804943
2812,194361.24577443715
2080,152798.83235322539
1368,109436.13851051804
2376,126115.85694697354
659,109133.82218717966
1235,138039.71838438982
332,83472.91880857608
1917,141406.25474251126
2094,270647.62103441026
1460,256139.6275802449
1471,212423.40776272412
1509,125969.73960235562
1922,136332.38079529628
433,490635.52204635146
460,239934.72402936444
1116,248592.99192213605
1137,176091.6765384411
53,165165.37033925502
2354,281307.8738867234
1475,191793.8391902135
1761,685579.4838581274
842,151002.4535573618
2739,137149.85244023637
2509,151336.8207642402
1007,196398.30267905517
2610,181328.09012200244
1952,89805.38115964446
2719,164859.85305645078
2921,90926.07724873551
1966,151533.2886164844
292,101073.88132450357
1204,181928.1880627416
1829,261122.59276217184
2419,179730.6559595657
391,145696.8729407593
798,107976.56507509862
481,202706.27587493253
193,205393.44452758878
555,121485.53167381862
899,71604.11224945048
2357,169845.6586536747
328,117220.0745166388
1356,118982.05098242477
1154,112999.11037860582
1730,168250.81222749452
2249,155199.9858221285
1119,292385.0025773643
2856,132683.9426027961
1394,127109.3212518704
2587,129168.44461439236
61,322377.96410892205
2661,178213.79732801885
2711,137397.20538404855
1147,169446.72965031653
757,119909.11532341814
2623,107743.28167000625
2378,136938.77671979475
1413,134338.459795098
1722,217641.2481244132
1112,201964.61489774977
1623,203243.71244135543
1201,180107.73242146717
1513,113601.73613193727
957,480052.5360329196
1171,267626.5025601697
1145,185781.5003569628
2726,233065.85247821567
703,143178.95356996346
760,92539.68227457361
1964,153178.15370983997
2512,180588.39458904893
159,152927.88288298418
1281,160497.5525985176
468,175282.31547465117
290,122550.2670924673
665,102255.79830816049
1463,255207.7991239697
1792,216975.80862829907
923,146800.8432498039
500,242043.8912252529
1408,185656.41661311762
331,86341.96226168654
170,108987.40412435222
2192,102532.25530250712
2571,262019.54298835745
2314,176696.98589736823
2647,95218.54196987241
422,490237.49586034176
2457,359038.5809396623
1838,206761.5772946176
2805,259094.2671646251
1645,154523.54621573281
1711,297107.6164106571
2825,238764.49801399684
322,300543.3898232522
2103,254996.9920496165
342,125437.87845206975
600,131548.8253027926
488,175042.2796152156
1725,295506.08707969275
2246,289622.1368525129
2847,157847.6903494464
806,238606.6945452375
530,234452.33401601357
963,188347.71997128025
2678,95603.62796459522
171,91405.29263448536
2401,496101.77871250495
805,225588.84436783663
2259,201412.27891548912
1748,169514.03083495804
1361,130210.8411546915
1677,115179.79877619575
1406,139732.870763365
2322,258584.81905859275
688,146489.03822369096
143,142622.4250931001
804,206862.51106490236
1214,140618.05051485164
2828,147623.22614999732
1999,152738.6844013111
2467,196316.382880826
2665,142493.6977302925
1538,382870.17558118363
398,122805.01510341186
2822,129469.23256487236
2157,140665.03219787386
1856,191690.5731754705
1269,105255.21848145372
2570,124854.64457041206
2320,231373.5784803031
1517,133983.24663284514
2304,126672.00787245813
1312,101710.85312371558
2012,140393.0282513398
506,256175.79033683575
2865,233550.02776210092
2367,104725.62515925718
554,79480.02759753636
238,128864.2451381146
1954,122880.21221379729
2488,129662.72412071966
2291,76325.06987120312
1969,111343.55676815519
2725,162161.63188894774
1482,146881.42691363898
2763,181966.82110202272
503,245833.5632718972
1584,242787.3958537024
1531,132252.73321788188
2210,164979.7625039933
459,342753.8760456509
556,132092.79070187357
1347,122207.01299154137
1290,80617.92739767372
1388,105270.96948294241
1571,543252.7837542704
2754,194947.18803051175
765,133052.39031163178
2494,136265.72104129338
2870,249995.56965194282
7,226497.6440737384
1114,242327.06584681192
2418,277354.4284526064
291,137979.12163168148
18,328626.4859164042
39,376642.59147361014
1001,256955.54011051301
2442,217482.10236406175
616,112248.6875929646
2680,78172.99460331276
1414,137934.7441607413
289,150635.33261128442
40,259737.35690127106
860,125886.28867187
409,139330.69280432063
673,149996.888893958
2427,166334.30819839577
2036,217224.8640668297
2564,145466.9115514179
642,146661.40545837022
1008,185830.36266817525
1908,140568.20285153616
2519,196571.26117889638
1369,95077.81230382792
2855,172267.0824684534
712,104466.77362822408
1943,121364.41444533934
1958,121978.07277990069
107,148712.63930183873
2295,208074.4829535463
704,96696.30024009284
676,145898.82129572594
259,180025.25229947563
93,289223.98175106104
106,256955.80584980734
2315,176958.68321723468
1050,118237.35151257779
1095,200727.86755699967
2709,144081.19061273034
758,119216.29709973656
1496,151048.95633788264
2370,123916.83395750522
2458,276482.2301717948
2733,133221.41993144032
161,279295.4496707289
726,147428.40128271622
845,205187.0629424893
947,254280.99233012655
2232,112423.59314593104
2563,159028.4787728072
2299,128058.1881530673
211,78349.93186355793
605,149862.66347271783
1478,191230.6039232874
2247,282374.85391609446
2274,201450.9630275962
2869,218019.7819261218
967,207921.79857337094
2656,118890.432140053
667,177816.234373717
1042,115127.44025484812
2023,157319.32321464753
2447,385922.637461779
2055,128226.32471842796
2275,268075.30070009804
2204,182229.61715529763
1563,269177.5471856717
483,222339.53718663842
796,126008.93172447862
1526,177660.72989634745
2042,113139.9536721133
442,344940.8691154213
1693,322976.0748048346
1468,223980.1848535179
1430,178457.70892237927
2605,133060.16207721827
1529,199596.10369183347
335,153145.30439002014
1287,122419.30731522669
31,105713.3854062098
1785,291143.2609267557
82,155139.26552769035
2620,128604.17338065834
252,186162.99868073477
721,61111.25087986176
2165,181115.38639417177
2316,185644.05343923383
775,128024.72868509687
1558,81158.34872445291
17,214935.6535743291
1022,209995.02427353777
925,132319.46609077335
438,265830.1674617839
1270,155454.86228137126
1272,134550.8097377372
215,135601.39662146062
266,231814.13379636742
2402,277038.34316098626
1250,132416.99459301395
1984,114050.34206886379
1279,143940.48786921325
377,268339.33958461933
1252,113905.14357736324
2156,270244.09018656885
499,313423.9298755077
1374,129381.02416716178
2898,273156.71614401386
401,126145.24643787552
2721,152608.4867904716
2078,228808.1554068911
2589,129217.11103942445
1946,218908.0328119847
1334,126574.8188449581
2781,223281.05159682443
431,420787.855603965
576,186643.2012101067
1474,209439.96917909634
2254,143654.40663943838
2155,287723.0903255491
885,93594.26107755127
643,138957.14331164872
1944,126225.38205718414
480,186195.7275864176
2845,95727.4084399878
2387,331499.1773260265
2407,208712.93804828104
2527,164784.52471653672
2514,156923.86961040169
629,136018.3757145474
80,200630.3340422126
1876,155861.50584784354
1546,122057.17388212828
2518,168476.59049333754
2347,162845.7399618423
783,236988.95088900722
1322,45980.25931099709
194,84801.99740108631
1770,287070.216700097
2143,126483.6564755823
1229,202323.70130666698
511,299038.3436316067
46,238921.87956071712
1348,148347.2203041281
2465,193775.8664385949
387,235147.98255280303
873,216688.84793629564
1918,132649.563456087
2764,241730.0235126464
2184,122857.8746885991
934,132820.72297623515
1920,133683.59736686022
2631,142833.07088936795
1768,671920.6605043339
2040,117235.90055712337
1749,207516.90607512073
834,234499.92833083044
1457,236315.9021886789
79,125916.05311819192
2302,128713.28631825738
1817,141595.38466315813
2755,230863.7792566399
359,174894.04113932917
2059,114656.99681063356
2092,229492.7897828778
2516,232436.3994351311
150,129320.89491062735
1656,140276.33758965874
83,91936.89933472314
2411,174007.04874349674
795,73184.38001363902
2312,221648.92418133724
2917,92224.4129040171
1624,173459.2978453117
2215,359340.8363804667
1211,154552.9688239584
1485,147412.29137157297
1024,163927.89083715816
570,208867.08455390876
2874,133147.9884982893
700,114634.2109297239
2756,206492.06535260874
2022,183806.88986889095
583,251330.52292165725
2392,381753.575626137
2424,174236.92166135146
212,110556.02067291345
736,130983.55787513997
1610,148084.1479253194
890,126622.16105900615
467,178777.4149151453
578,211735.42920240792
1747,191025.49722107753
1149,160974.17694918028
2758,269679.2516973278
857,137033.96356878313
2219,320227.4862817861
733,83697.40834392275
2909,106760.03777360715
1798,256808.69456050816
235,116863.89598867763
2366,133183.80066729308
1027,137645.96504440595
1195,135745.54327441342
1303,65203.83040358273
148,177038.8857596281
608,155839.3084346003
2515,182735.2328052958
821,245129.2055170627
2500,265206.021534799
745,110963.38502187174
741,123798.40053817954
1611,65224.17608412847
2532,126097.03667424065
1081,224572.56041384523
1692,466412.44898963725
2520,161475.15084682987
276,113347.83416309793
1992,126610.3469567346
663,75017.2908564965
418,131993.41230595054
1733,186935.95410349502
2359,148516.05441658472
253,180714.84368315447
1518,190225.29018126053
2035,124222.18926380343
2919,87157.29117461941
1540,277473.0550079128
2120,153316.86411447357
1674,161588.72109260227
256,148508.83163096572
2361,105886.89962756317
978,80474.24067314764
2280,139038.5421355663
2095,218573.40495349295
1709,356416.07874811074
2801,264032.2516726586
1246,118480.0664135517
2373,101604.48164950348
1055,304336.1226875464
2017,117925.56105111523
1099,245122.19198674677
1344,77054.1474730111
835,156676.7813909749
1117,214456.4030045663
2043,92935.55951164669
2085,122470.59565982806
410,143611.3032573723
2650,113400.98632954244
2867,192758.74789779694
1668,123336.76755694831
1161,161585.35979347653
2122,170387.64709204552
2539,150384.70583398102
1047,139181.5965904558
1445,127684.93369084285
541,128590.68405776648
569,228982.9978770581
1276,113021.46706509868
918,163295.36662606135
326,168398.2948879947
1936,126880.41422945353
895,100242.49280949934
257,150427.94746666925
1241,175588.79104015368
1545,114902.78634271068
1189,175987.57638190984
270,145099.37314099146
2066,134513.51208823387
693,112965.33404529141
1259,136653.18534132396
2916,145311.99335596644
2321,288820.41882454604
1977,94640.11747872147
1895,147124.66141072527
1240,159328.1193122584
85,140126.35603022526
1823,116947.96267337915
825,291035.17569997546
110,238065.9076152602
697,114081.33489760887
2297,129682.55050515209
1231,136527.92397182615
1355,128496.79033546199
968,325605.35065024917
584,223993.31136346722
1315,115445.94907673608
1606,145288.81132789954
206,94727.99897328144
1685,352757.63487446087
2016,137119.10671067698
869,201045.71672703815
2135,127077.04151675306
2346,180353.75927405985
2430,239810.79437450215
2198,75576.84604528111
2652,118605.19189054251
27,116129.15976851356
241,160934.35547692885
906,113479.18296332433
1506,112626.11200177176
2098,403917.09891640657
1435,220566.6378768427
2213,122310.94615943095
1274,139941.16117247997
743,50463.285665069496
1737,192182.9115460668
2797,284699.956054629
2185,83621.91025391877
58,167129.69417177633
830,196161.6353221847
808,125235.37315496821
680,138481.4867898576
1153,116060.49141791336
1291,124798.51181201082
1818,145903.74002985543
2161,180412.43983862674
1883,120258.65347093734
350,412260.77685571334
2473,143763.52293308146
295,205487.91945257963
293,177052.99429635008
859,141361.4089774134
288,71656.82629864116
1578,135915.9146024113
102,197694.4395516171
2831,143388.58675017726
1030,154896.32997708648
2551,148333.96175511915
1286,142215.15420440436
958,297038.6717126286
776,133098.54484229026
72,232369.5541151734
2263,242609.22783704993
1866,162190.425640941
2876,81209.98494336539
2146,254683.25754384225
103,174813.2672328975
1500,140750.95769751968
492,190689.85846608214
167,154492.5428770313
2597,119371.70078701896
2685,109913.35942992888
1035,152256.17013738543
1220,79959.44982902998
2602,158246.30251968998
2159,199428.4252508673
695,129185.53647849918
1109,262592.95082221454
640,163534.45855179758
1652,153074.81625369523
2090,164191.09457064257
1188,171024.66114458963
2345,244347.5003520445
1059,442470.93422269094
2751,239182.33509932936
128,209337.43277998455
1523,183682.07738913348
2925,189764.4078729639
2145,306772.33801563986
1121,227273.33994487853
566,297056.0739276966
565,235349.1550741063
1331,128907.44147235413
2928,130699.41425681599
156,144079.3108044923
797,121780.3333541763
327,92114.61766022303
2859,133872.7471284341
1453,127983.30188790859
1762,356292.6342999606
1868,193649.77338850184
1760,176151.73975900654
1113,241542.8604339091
1812,191676.66357725122
117,158609.18049922428
1142,220143.38977067758
2342,395547.71111091285
927,151588.49108521888
2478,185903.4912321994
655,89095.8760726291
2064,121893.66978288462
369,274465.3158709436
2239,116004.56755027278
2732,339382.6486597016
1653,159541.80648432407
959,206876.27390552848
2395,360501.30255417497
1412,105447.24573187984
271,267846.06461153616
1484,147084.32945017077
1497,150435.81456493482
552,165971.88228520096
2,114793.5324550287
1855,286305.1249847211
4,256156.01394759197
2292,154595.5261252248
134,139542.89718353277
646,112280.90495701903
42,295694.95251123665
532,234923.55804006034
713,100869.05254349376
2561,137753.49048098165
2360,134800.4978787988
1333,112619.41563995805
1407,307753.72111374844
2892,320247.23077223287
574,210826.92998584002
1227,180524.3403174081
2591,227826.3087390953
1476,216122.54306191017
1125,242914.1277960556
1446,136360.2791276104
408,115283.21979231392
1101,295002.21026274713
2251,186436.6994374026
373,182429.61454863788
2554,143655.83686319573
2382,258770.39016269508
1985,93871.74251406963
519,250485.7350260801
1093,183260.75289696883
864,254170.71877419317
2889,145347.84312395402
2308,170036.3693424164
986,162995.92191273844
1302,147333.00560392157
585,164471.25545737642
2708,150375.41357329107
147,134698.02159017877
1441,230952.38854147829
383,198702.86998735275
285,147282.88749511197
181,111341.92887755788
358,184776.9546722721
780,174333.48927984777
258,199847.34705109918
1865,211354.5805727758
692,118812.18083603501
2902,349655.51676550636
508,259660.6532405262
2638,136100.62275071285
36,137619.59528382064
611,167797.51825934448
2281,138922.80447552513
1678,111628.46087351136
1696,479669.5598641247
1557,68938.15532777693
2180,154736.88166952014
1726,224209.5360869462
951,153359.94028977692
267,215985.66030419825
2706,142684.05055636817
2221,253869.77294445483
1357,166836.5300897123
2901,336492.914708541
347,176990.38433230805
2164,194080.69488853743
1586,313644.4219288879
360,154055.54313055085
1769,243102.2216857751
2617,140517.9648302229
1879,140887.01856939535
991,261873.01459606466
1535,111353.06471348174
1191,145580.62427513953
1579,202571.82209206495
1882,148901.11261625413
1510,126668.2706935739
2196,137594.68265009686
1845,177892.93949311235
2336,404712.89123717183
942,86813.32719677076
861,128804.07948325493
2555,113671.99105414741
1392,152380.2306024081
2099,252859.5996745307
1543,119380.25094628871
948,293179.45564007387
1239,162237.25349631417
22,184006.80859693655
2796,248946.13650485122
2747,178933.23166324638
92,296096.5889827167
210,156128.25706861512
1858,199327.84332325423
2228,156576.58095006068
447,230031.69580401105
827,249831.0367273217
1649,191932.9674713298
682,150328.86164787918
2698,108058.29357301463
494,165189.65035931295
214,65066.89134461825
2441,243333.5795065873
2679,108851.5629624879
1336,122214.50985561762
465,165526.1662843838
1524,152581.80371899783
2543,110239.87169486594
631,138761.25942490037
2452,303804.2167000877
228,152533.02191307602
126,186347.8226890575
1092,247675.43645602974
1122,209503.84511792444
932,216495.99415884225
1980,100281.54074846873
2171,107951.4970990304
551,159975.43115481787
2768,171976.6413499622
2056,114118.43133380731
1159,346567.51120484655
2645,117806.14035464876
1174,169501.28685374733
2266,216831.01258534205
2462,397740.70030211203
1219,149982.24955968687
2922,185771.7293171724
118,144157.28324856996
474,164870.54426125635
2576,146685.07685007722
872,280377.7756627426
1077,216178.87861887118
1536,129566.99377396175
1150,117916.67754368173
2341,346635.9975897609
1931,144413.57257416347
2785,134540.01273164788
2538,132360.23520403076
597,205495.31013896898
464,188904.21376805875
233,224112.2554159928
2169,128867.43287522072
2123,171053.02709026317
1867,163271.96609989146
137,235356.09710043186
515,263537.1277862755
933,111246.86142629405
2784,161237.42881023316
972,168518.70721810713
599,156968.62995185223
2614,127214.59430090844
2582,140642.03316122628
1409,166517.95514434812
175,101082.83383287811
352,231469.76680254203
976,87560.04621585461
2134,187365.1498981083
984,118878.01686853083
2396,372608.1825830892
1673,140207.47848140588
404,128722.99171346621
607,153870.21226176652
814,150034.69501736632
868,185523.10203137
2271,180963.4303717728
1633,244334.6889752771
337,150544.7688489827
2765,164130.85029647965
1746,265844.8327617938
368,326501.45394747244
2806,213804.56527695854
1662,200011.47400859036
1234,214799.78211684612
1373,128925.31295038806
1672,120259.76783767802
1939,126463.00120652137
