Id,SalePrice
2658,157534.43216122955
2718,154642.90807790012
2414,217168.63529557575
1989,102116.84714906685
625,169062.36484527116
333,95790.83460486968
1327,106222.78782523412
858,160508.44798965554
95,181208.9919932269
1568,166269.2163909667
2482,153069.96276995426
1364,122515.25948320757
2584,138264.8981420035
818,281689.6947540429
2673,128422.7957008921
2089,125660.93777663265
1297,153742.42630263977
790,112769.34587077018
2616,182861.6882544153
720,177817.75497875412
222,157149.72259709504
557,134724.568519438
1148,187747.71872636734
2766,166097.34211743384
534,184758.9290441646
1452,123386.06165891593
630,116937.46864767805
2648,113766.68374670854
125,152069.8709726153
1904,74236.61473293218
1670,111516.43165596754
756,96242.97040962738
717,225621.56068551829
1032,150153.7221723004
852,204755.6607852281
1731,171198.99869764916
2639,111793.90751361162
2071,95619.40612097167
1267,126946.54678184883
1851,190860.25157849892
567,167306.96691442234
2439,206827.58415711508
1898,148128.66328526277
647,156339.32772967537
2256,221214.38326527475
979,96016.3222131944
1444,217262.2009347888
2485,122511.85849313976
157,127361.46257344245
88,125503.9601957254
2003,109922.3951807216
186,214515.14015851013
1425,238993.91668195376
2695,122854.00421775726
738,111734.72331393757
395,155959.8658527529
1353,165008.0254102232
1878,139254.993235045
390,155199.0944610266
1456,237632.44276762
1103,311978.71898913383
1387,131227.4788709313
2070,153852.164186275
1199,167741.01837176032
2479,170269.0354659812
501,356840.83463332243
2362,99702.37907123342
1718,205067.01533142762
2188,101311.68097899732
1483,149532.21453454622
2557,94133.92900874521
437,385555.02004316734
2224,149160.8726278013
1628,165289.6342406494
397,143801.96009633527
587,192744.38081544245
971,136927.84120246966
2611,141139.7515751864
1887,109336.4315306063
2399,371799.7574015523
2148,192872.60885997806
304,105153.79946481217
1997,119961.9777416783
2817,115564.42434744444
1431,202708.81686759187
427,324332.7620612923
263,123825.68979803156
598,170514.331357367
2895,230885.594817817
687,134366.8704546606
1822,139395.00059154606
2191,102590.59023315113
179,117936.86942764351
1009,211067.15647684704
2010,130910.08027863425
1991,123135.15623088673
1411,149434.1916012564
1721,212720.13343381352
1144,187082.6641614975
593,214713.20447777683
575,305997.081977612
1249,161407.46848164825
1604,125311.52093264984
1064,579092.4056160876
1923,152935.04907737442
1988,110290.80838594346
2325,170359.09986500067
114,197206.54390022307
2700,160451.7486437146
217,125631.68135495717
343,171028.87845110838
386,213633.2914363533
2005,121307.9564951116
2908,141930.16679780214
1814,219263.17447027398
2446,474672.66643897706
208,139312.62568941718
1679,112399.41182792524
822,337967.695277636
6,191843.88911051324
1781,423972.2849689924
2397,284044.62533226196
2340,320003.07425888337
1618,177603.95997611742
2843,122955.11477079162
1061,372328.6139531741
2786,132419.095155075
1935,137258.01524310154
1341,114547.1166940263
521,276833.44992128585
2136,135085.51875267792
996,202322.10274025766
227,137443.27554950127
135,174998.02462320216
1167,174894.92556465734
294,225781.49964918432
1776,201278.22226204426
540,160822.38143972927
1717,207813.9762360964
2303,136823.20963255496
116,178101.0476442295
127,137067.9698775934
1371,127737.331240811
1014,117148.44570814376
1507,116163.43487157614
702,117574.07566692654
750,141859.53888555084
261,154988.61001841715
1559,72143.97636757634
577,223094.05188917764
2812,192650.29878233513
2080,149641.1161605083
1368,109809.78986681148
2376,124362.41724108615
659,107046.9301913699
1235,138871.2548823206
332,83097.00725659274
1917,140544.5838913949
2094,259481.98591061993
1460,243612.49939629514
1471,216961.2525982028
1509,124362.0938194534
1922,140651.59843438322
433,603239.750889213
460,235699.23661662475
1116,243225.6146118832
1137,159861.05940443155
53,166136.8840662417
2354,265916.2915770619
1475,191930.12449249096
1761,605227.1598144893
842,140770.17141433805
2739,138334.19241974573
2509,153831.7941870216
1007,203175.4636777924
2610,177477.22381900312
1952,87758.81742918116
2719,155451.2161918622
2921,87819.8730780516
1966,139577.32788428062
292,102892.57435660578
1204,183242.16165648442
1829,292607.16468073946
2419,184815.47597343836
391,144529.89176637257
798,104741.73181664846
481,201018.5139693464
193,193456.1456530603
555,122522.69353524671
899,64208.71849994752
2357,171947.77297865425
328,109883.99005726656
1356,119807.05917925196
1154,105296.7296708971
1730,173550.64776160556
2249,154819.68477267766
1119,293442.962542199
2856,133372.48859554
1394,131870.19205650347
2587,122657.59106963148
61,312107.002021045
2661,166731.4896507786
2711,136332.490454844
1147,184942.82034478392
757,119802.02021842333
2623,102125.86467413377
2378,145251.22340647207
1413,138196.59946281966
1722,210968.4742890472
1112,222151.31087710612
1623,191776.19084496394
1201,182050.87640763613
1513,118444.69008586275
957,539683.7181723692
1171,268276.23748345627
1145,184988.16402972364
2726,218440.09023708195
703,142737.6976325788
760,93188.8259621601
1964,146645.2968418723
2512,175869.95642578613
159,130357.38123315606
1281,163074.44280190248
468,180857.0118721415
290,119494.90831309908
665,97036.87487797345
1463,247854.68581664094
1792,222925.66690733805
923,147151.70045621553
500,253551.15166887225
1408,182799.59825466285
331,83977.78568624007
170,111705.74518531717
2192,100064.62411352368
2571,261561.81790357732
2314,174713.1609196475
2647,94952.34380191182
422,467767.9039109686
2457,374956.76100105076
1838,190032.71329836798
2805,246688.54826356558
1645,152803.43553642297
1711,294506.9748422669
2825,238751.1588400016
322,338719.369306309
2103,255946.92622001353
342,119578.73366787726
600,125427.48653467077
488,173679.02235832065
1725,288246.7763142609
2246,297593.5521857716
2847,146378.4713912038
806,236237.6508485233
530,235758.05437394173
963,182345.4027163956
2678,94316.41655811097
171,88902.21178484864
2401,464354.42520642024
805,228862.1751876124
2259,203633.54648965117
1748,185143.0299242545
1361,129899.4996422631
1677,115880.47494856245
1406,140582.96290347597
2322,237064.38799275778
688,146202.05764018776
143,139964.42054562405
804,216842.871674659
1214,149330.46748630767
2828,139628.35652750335
1999,146317.55828122856
2467,189000.07386377244
2665,154907.6666482037
1538,432908.13606410834
398,121284.80251289529
2822,132168.15586119023
2157,140304.9681949373
1856,205699.83778392812
1269,104556.02341324392
2570,117230.22410220292
2320,235090.774590198
1517,140476.0073376703
2304,139588.39749153252
1312,98108.11136274233
2012,131565.8233036189
506,244567.99282503873
2865,229620.3195558925
2367,104554.81187204733
554,83291.0599649644
238,127839.51486516108
1954,122737.26708742928
2488,128313.44865752094
2291,81048.42630955673
1969,112125.39894060323
2725,154436.2016617344
1482,147241.75999028486
2763,190367.6809055911
503,259051.82589036808
1584,246613.0592222175
1531,133386.3083125894
2210,170121.3953384576
459,321492.30123943754
556,132215.4659011828
1347,118917.68580509955
1290,82770.14412730151
1388,104383.19548739954
1571,396381.0944793106
2754,188526.32117004416
765,139913.9628860024
2494,130834.61365323694
2870,236506.17768307767
7,214622.7062370537
1114,239067.54991318073
2418,279359.11376982956
291,122183.59363803401
18,320207.6374489769
39,397169.00796408835
1001,247791.65880336624
2442,227760.63982479842
616,123368.70543276459
2680,74398.86367365246
1414,136269.34330126736
289,148471.31030417135
40,243966.40186225143
860,120660.39489775246
409,142087.11291560024
673,146794.72966642084
2427,167472.7720298036
2036,208491.70665848162
2564,140864.10614575807
642,144786.36393498478
1008,174542.03140250992
1908,136783.68486496722
2519,210209.4372769134
1369,100341.78774083828
2855,173073.0528444978
712,106678.88563110048
1943,119601.72386277125
1958,122782.76628482186
107,157862.50913145803
2295,192207.6042814477
704,95399.01876987766
676,128430.73378054898
259,180139.34350114714
93,280878.13034631277
106,244876.87211128115
2315,178477.67503745487
1050,114623.83461918139
1095,207227.36965661147
2709,151204.5197491052
758,127912.86312218837
1496,152272.32460471764
2370,125612.32816002188
2458,272188.0684092588
2733,126198.3877827917
161,269816.9723968281
726,148991.58989442245
845,200461.78796344186
947,253521.15857764037
2232,115580.35411561381
2563,151051.90854718894
2299,123238.72174639296
211,93753.41038857252
605,144064.9509576965
1478,189476.648332255
2247,291543.2648076849
2274,193168.6954557915
2869,223720.63670359508
967,211088.15984358007
2656,124414.43243588864
667,188735.10982782865
1042,110945.04533892985
2023,142085.64006530074
2447,390685.9431550159
2055,116962.08710558078
2275,286235.4648929957
2204,172383.55091983118
1563,279046.2455016656
483,204717.46743747484
796,127470.3257235679
1526,171123.08022355923
2042,124940.28400909973
442,331698.53546934325
1693,317950.30137418705
1468,217587.73909617288
1430,205204.1285043703
2605,126803.78542976055
1529,205858.58516968915
335,148466.1845570647
1287,122339.2768626318
31,104198.15655958817
1785,299914.6072410494
82,154411.70883408232
2620,110822.2826436414
252,177469.27720543792
721,65039.66465347905
2165,176385.05808962954
2316,189182.27490683604
775,130943.11530632449
1558,73823.93833038102
17,237801.22511261466
1022,210355.80514416704
925,128436.85967288313
438,267142.4178611904
1270,143793.86015598848
1272,131470.9910426251
215,134089.4048957742
266,231615.522825312
2402,275023.5531126807
1250,130230.59658640066
1984,124214.6605971339
1279,141234.8201945953
377,260442.14721647082
1252,123242.77861806535
2156,262571.77445105405
499,316898.172331099
1374,131406.5483758304
2898,257186.36636092546
401,117068.9035233397
2721,152961.4314115075
2078,232327.5228392497
2589,135170.235633023
1946,222840.20674394563
1334,123555.45193920097
2781,222073.51599805092
431,396738.47564843425
576,200134.47553051537
1474,209005.24854335506
2254,148838.10286543405
2155,293461.0303086106
885,99426.59377371156
643,140819.75291817813
1944,125638.04710397114
480,193521.43357421894
2845,90508.18782258805
2387,323375.5714021858
2407,199168.154789567
2527,161177.7717015467
2514,149639.86927644935
629,139531.0103179112
80,244838.07999244853
1876,137023.73990763846
1546,117374.56384675129
2518,171634.10994115044
2347,150299.70828016754
783,235148.2833467904
1322,58441.15623870972
194,86959.59109520377
1770,287098.45786660316
2143,126931.99608954487
1229,203459.66878754663
511,300415.0162534995
46,224641.1040670079
1348,141309.22947280217
2465,192313.19630628024
387,233689.4952119612
873,216215.2820277361
1918,129752.75612326195
2764,239117.29607057793
2184,126181.48381588608
934,139661.4848406084
1920,132291.9077011056
2631,140612.50794483395
1768,595705.4629771124
2040,113238.38620860469
1749,215441.35535196072
834,255796.1488921328
1457,228994.643352602
79,120202.51520630093
2302,128155.07991650514
1817,145719.4041630079
2755,232431.2166483636
359,177803.74488859292
2059,113937.0631363539
2092,250910.02973660987
2516,228442.232239767
150,126271.95997548068
1656,130431.71220097982
83,94311.42404301705
2411,175877.71902914988
795,79362.68137039077
2312,221470.440725005
2917,90316.68772405463
1624,174769.09870350204
2215,334000.9718113998
1211,147213.7570743252
1485,153665.1721054804
1024,166427.60659986667
570,205624.82196811168
2874,139057.60258077199
700,112439.64023505314
2756,204019.25357324892
2022,183326.7042620318
583,239599.5534573892
2392,393706.5280645937
2424,174716.1261291291
212,106216.42604408057
736,126814.06935074378
1610,140421.142607367
890,123288.27716795554
467,177792.44631013696
578,191588.69285198793
1747,197413.17928330915
1149,155847.1237632302
2758,246751.27288772017
857,140032.8653551867
2219,280095.95891269366
733,78643.21458995063
2909,109455.87824385246
1798,260001.65060418865
235,120038.5979642289
2366,128856.02430463792
1027,131577.58555289957
1195,137203.86136945296
1303,65862.86763616376
148,176593.9320526479
608,145601.0197174568
2515,190048.48826418485
821,261770.49715427822
2500,260782.3799616094
745,108101.52122292471
741,127220.4587204568
1611,99395.47211002409
2532,128579.41027786817
1081,228827.81630613343
1692,452337.8719060169
2520,175776.0938072504
276,112665.25510345008
1992,113464.13758000561
663,72796.73373499868
418,129450.01527338875
1733,191415.3832283271
2359,150887.6235674966
253,177633.37712652268
1518,161742.4644206884
2035,120493.75543658389
2919,84802.26192582143
1540,284359.38410914893
2120,147758.90747088916
1674,171447.36700943127
256,157952.53984487854
2361,119985.02867805064
978,81262.55033358069
2280,150272.37157327717
2095,249450.21584845515
1709,341739.6469227867
2801,256866.2807620419
1246,116959.11859527694
2373,99567.45352737972
1055,291170.38437096344
2017,119554.10043458175
1099,261804.0462447987
1344,83028.67969761985
835,165609.47696150045
1117,205867.37453825248
2043,91875.613166362
2085,117271.62325731036
410,148141.5152313372
2650,118456.30281040627
2867,180631.86501632843
1668,119034.26071208924
1161,165237.88753253166
2122,165903.07689631052
2539,153692.51874607362
1047,139779.77357984538
1445,131950.13131421324
541,125612.25068039827
569,228364.6605448597
1276,112022.35474308116
918,138171.6157213963
326,164004.69876986297
1936,131865.3337231285
895,99096.77746262314
257,142372.93603592497
1241,168567.68759022234
1545,109537.94887340046
1189,161267.83089654057
270,142973.92990718104
2066,142187.52140734714
693,111080.7900329123
1259,132360.3981735474
2916,155523.80516274663
2321,307008.26291774114
1977,90944.51532499894
1895,150850.8721602656
1240,159703.1647325746
85,141670.6253864817
1823,120777.20210359887
825,302704.5340519189
110,229326.66199764542
697,112437.70852914522
2297,124194.35416306899
1231,135247.4385498057
1355,130866.39746096478
968,348782.885282128
584,214446.40301041646
1315,128076.44347737779
1606,144409.82215595955
206,90494.78586348743
1685,360081.1401811404
2016,133088.01026401916
869,200054.17947745151
2135,125798.32790986687
2346,174552.99759402452
2430,235176.73608730244
2198,74162.33424441531
2652,123156.2783655049
27,116881.83348713559
241,161613.1476738761
906,121827.35046855743
1506,109068.8062662391
2098,401364.06536153913
1435,219946.42494886808
2213,133448.83737462366
1274,136601.26572715578
743,46350.675754116026
1737,193510.91320045528
2797,285798.808616737
2185,78805.84607607624
58,172441.42959443206
830,196521.51424256875
808,117647.59634183912
680,143018.5642556042
1153,110696.84556556669
1291,132264.23083393968
1818,148616.5996271132
2161,179185.45213344265
1883,122689.12658194322
350,378243.5462822859
2473,136378.32900337214
295,185515.63028499164
293,176113.36826738183
859,130918.53219195048
288,80300.7206154454
1578,147731.7438040297
102,194397.4097084093
2831,142490.0698551792
1030,148152.56808758207
2551,148287.1929299954
1286,141809.70505377947
958,312320.92694636906
776,129905.333887415
72,229370.62760916792
2263,248046.60227079818
1866,157765.86428739576
2876,79962.04149498374
2146,243982.41548028143
103,172867.46263827354
1500,136199.2700304174
492,180849.0528438463
167,149298.30267131884
2597,115871.82397197354
2685,106828.21782402795
1035,158644.39918960753
1220,78944.44431092587
2602,159673.1827661412
2159,204635.84452473378
695,130173.52516510998
1109,253811.1636824848
640,160917.6492575285
1652,154089.9611952674
2090,156286.7630208169
1188,169290.6013714167
2345,251067.851675083
1059,431228.189215325
2751,224844.00727409398
128,202494.7483810635
1523,202677.5417027083
2925,173123.15798789708
2145,298622.66946526454
1121,220311.01235118654
566,289609.84559164586
565,233810.56393412896
1331,128816.68156886837
2928,126188.93919238223
156,145997.40828143316
797,120903.6686123456
327,96013.2251586074
2859,135505.54834855872
1453,121100.59616873485
1762,354090.2859036492
1868,202351.6909295638
1760,177011.08981533
1113,236593.13471286843
1812,190527.3343516856
117,154866.76526967526
1142,204489.4765419358
2342,429905.67121542327
927,146752.72330025438
2478,181354.42549800486
655,89219.34933684074
2064,124788.4516508247
369,259522.94403960355
2239,109177.2773609895
2732,196654.9071936477
1653,160871.06343657832
959,206763.6751162062
2395,360312.393650614
1412,104742.36753027876
271,245653.5710147717
1484,148870.36482976266
1497,149154.35613199545
552,158343.83402780993
2,116304.64196896351
1855,302492.2503269298
4,259613.18929932706
2292,159372.6737260217
134,140986.23470144309
646,109544.23324696721
42,295501.87979956216
532,223663.71999985402
713,91755.32851414586
2561,135595.7611957007
2360,141435.34495222624
1333,116655.74055547855
1407,261982.03191150134
2892,312469.55377724644
574,223099.57460868216
1227,179775.03073508563
2591,217355.28443623614
1476,215640.57835137012
1125,252030.7569145791
1446,159620.76382910841
408,121920.18560298975
1101,290522.1046196908
2251,193082.34413635847
373,168646.1503691813
2554,133074.2137773403
2382,252430.58910406003
1985,87703.00782826982
519,240746.72137496283
1093,188884.0276746999
864,250751.67975617404
2889,142281.17991211245
2308,171879.62342744306
986,199549.62851648024
1302,133474.9905695067
585,143514.62452227256
2708,155559.1415727112
147,131143.85289057292
1441,223346.48720902912
383,195449.17176621145
285,139692.15328269944
181,114404.13165111211
358,191229.80630444532
780,176984.25628253797
258,192387.03210838194
1865,211966.14949163716
692,119068.4683608386
2902,348280.9907520647
508,258008.97432228582
2638,142431.9209647425
36,144691.00186865553
611,166476.42480682186
2281,143552.3838913766
1678,114450.9088709345
1696,488388.5232972467
1557,69843.96829898744
2180,154850.55830422792
1726,212049.25685165724
951,144085.19834851948
267,219988.60199907183
2706,136068.50243183068
2221,257353.0291081668
1357,184262.05740402747
2901,338584.06029096217
347,180444.7083921647
2164,185912.82086938506
1586,323569.9033309644
360,152948.1107831495
1769,247181.20053889608
2617,147619.78734581755
1879,150171.87555974943
991,254309.17794584224
1535,118218.08395043945
1191,141913.69546506033
1579,209490.45226341602
1882,98803.7698487291
1510,127505.29029525233
2196,105074.29746822054
1845,182593.08046085827
2336,411370.6099221995
942,84220.73219650975
861,136417.24169013146
2555,120446.46425135147
1392,156445.48562398413
2099,255377.47680067449
1543,123471.91947737767
948,265193.355841444
1239,166989.67949099664
22,189528.39593818714
2796,243263.3333592311
2747,176187.9501533079
92,294474.13325067156
210,167410.54905930982
1858,210414.6340594055
2228,152837.899016928
447,217562.25098246578
827,246999.42980905317
1649,215899.82236823492
682,137055.31175288817
2698,100167.96531592398
494,170210.20707420565
214,73893.56281693827
2441,240258.02578340343
2679,109558.26792959947
1336,115154.49012097427
465,168562.86577930592
1524,131012.71127880133
2543,113997.82599190607
631,143158.9887208674
2452,315239.1378240227
228,154100.9607040899
126,195673.35943318094
1092,236785.16354811238
1122,202338.39225023412
932,229115.13326492495
1980,87197.80824207532
2171,107481.65311103074
551,159780.70826870383
2768,167658.31153903462
2056,112233.19273016848
1159,357592.2414238346
2645,118342.14000075565
1174,176584.74652337667
2266,211210.44910701696
2462,424176.99559752917
1219,149038.22986117876
2922,171472.1138137381
118,141645.04642682182
474,162836.77938470786
2576,146765.8946323499
872,290043.85933785624
1077,206624.7216219069
1536,132940.85528484487
1150,114853.85599674817
2341,341076.1836123597
1931,152139.78471645535
2785,132675.63249366614
2538,131040.05446296374
597,190275.44155228973
464,182304.16821427696
233,236821.94829955287
2169,121755.66016602707
2123,170909.4963052964
1867,159646.73948996695
137,248783.1613067321
515,241028.91768057572
933,114741.64531686921
2784,170987.37074258243
972,166222.97307094367
599,158111.77730363826
2614,128056.60719338404
2582,143999.0028804538
1409,164942.1793823009
175,92852.04336237845
352,213624.1679376107
976,92044.8752640273
2134,191516.39572919856
984,116201.8755415926
2396,389165.55063071515
1673,141633.65440170275
404,124830.35902385328
607,162540.06180042983
814,150837.56137290524
868,183439.92460855457
2271,178680.18950211376
1633,223312.55369518802
337,157456.400291113
2765,160976.40619514344
1746,240380.6986776849
368,331675.1594917663
2806,205598.36100025973
1662,191372.7559937597
1234,211088.75142697713
1373,125050.85213938192
1672,116012.44194629908
1939,126749.2195684794
