Id,SalePrice
2658,173873.1554223867
2718,155666.22943481457
2414,211073.39113738123
1989,101157.29343369117
625,176525.43575254202
333,96235.28551963257
1327,105186.59850380833
858,154564.67789932853
95,193149.33486639545
1568,173178.95197910897
2482,156542.36824198693
1364,123655.99992871351
2584,147354.136784418
818,274498.9110023932
2673,142389.71325510374
2089,110879.48550926981
1297,137562.3858115179
790,114872.38956312354
2616,199554.59857352034
720,203079.78120537
222,154274.54208417796
557,131674.63164628812
1148,198172.9151693642
2766,175954.36985296936
534,183827.62328246096
1452,124906.452067738
630,109474.15454872404
2648,110728.22056761813
125,146124.36157581946
1904,72067.28087622901
1670,113864.93886893275
756,95931.77514993635
717,227564.2046895372
1032,165741.1080446132
852,207851.6434736933
1731,169453.6981273944
2639,115091.73019107294
2071,87246.56784727648
1267,105554.47367954027
1851,192405.01030217102
567,160678.34622782326
2439,204515.57333484045
1898,145213.97379028358
647,167822.86857217486
2256,216320.81921492543
979,94152.74434564266
1444,221943.97717836133
2485,119319.95204532065
157,126484.01768508185
88,120440.47424690796
2003,109278.70241697023
186,183734.41554408622
1425,239532.89637675812
2695,120355.2119523645
738,97259.71112262638
395,153175.33209529414
1353,156521.75562425653
1878,138528.3923451426
390,164619.7674177748
1456,245293.64194646437
1103,320765.66152724647
1387,121657.41185108425
2070,147590.81745759
1199,178177.0095619132
2479,167635.08771691137
501,303938.57146890304
2362,97979.09622119415
1718,208802.55716192356
2188,95814.32725580418
1483,147647.33630569823
2557,90499.11371462078
437,385856.832763445
2224,189020.65144284736
1628,158500.28036522272
397,143355.61810976587
587,188545.29652622403
971,137177.63826463954
2611,133577.38667647747
1887,106341.0040024392
2399,353552.3438770859
2148,193732.98094525997
304,109802.84762371086
1997,131639.5767976137
2817,111179.49098135336
1431,178567.96750684522
427,339723.2507471306
263,124690.49662886836
598,167302.24764763468
2895,209008.00749763267
687,134046.2788084429
1822,143319.42651227128
2191,106500.9515349748
179,120561.93310950247
1009,209321.38468450034
2010,125811.7067354852
1991,134804.91609321503
1411,152004.09829151907
1721,230526.33541694417
1144,189516.8641492174
593,216970.43060754865
575,280277.0676377421
1249,164252.57367114472
1604,124625.51265414557
1064,521947.60567393753
1923,157189.641556639
1988,102210.53939196526
2325,164884.80355706025
114,200369.9199843843
2700,176304.03759278383
217,136295.42910491888
343,177238.71243102662
386,226856.03380304604
2005,108047.2926785155
2908,147338.8248669723
1814,244326.4118438815
2446,506663.5333052893
208,120530.78299348659
1679,107226.83570372287
822,324631.59585342254
6,196720.17508009163
1781,439345.831698511
2397,267562.4411291077
2340,310529.4697032438
1618,176273.81183365313
2843,142613.37927663387
1061,379689.0256742813
2786,134307.09582493955
1935,136179.18709275674
1341,115997.46222949182
521,274458.93260105257
2136,132433.26353960083
996,199126.16774290375
227,148383.83394686162
135,177240.91099537874
1167,170079.26226639835
294,251121.42865193644
1776,201056.71357453315
540,162879.87247909704
1717,213494.19212617585
2303,132973.28697235734
116,183375.22962923453
127,129338.22392102404
1371,137841.98151868445
1014,101210.16830833454
1507,108542.4585297428
702,109830.97763278171
750,145657.9621277118
261,159977.06440160098
1559,66738.68448940717
577,218577.08407543012
2812,195861.8672147293
2080,149555.66536094283
1368,103492.07090252845
2376,126226.04237393913
659,106040.2312328385
1235,143342.1277597189
332,81184.31834588692
1917,142805.2420178345
2094,267250.7555583278
1460,260859.52800651247
1471,214213.17196979563
1509,127291.88119561362
1922,136976.77817166466
433,565435.0692127205
460,228782.15131751835
1116,246328.1556330701
1137,175857.38133345038
53,163067.95347195157
2354,271663.86461166886
1475,192611.57491714624
1761,534255.4147138918
842,151603.03059051634
2739,141608.70106817063
2509,150422.08402557185
1007,198551.69749194296
2610,180322.84016281532
1952,88544.84721829268
2719,156280.73543017183
2921,90686.47732980574
1966,150213.5783381684
292,94368.26477871461
1204,176248.2962800706
1829,260611.28255012308
2419,179390.31644686326
391,144663.8308755618
798,106226.74017043505
481,198709.60914814292
193,217339.1738248809
555,120734.98254869544
899,60948.34418648649
2357,172698.53848286587
328,116152.43401929415
1356,114850.08451474278
1154,111815.3405356098
1730,168555.99322525132
2249,153969.78485877602
1119,296648.0751907727
2856,133861.33460747098
1394,129135.21235993475
2587,130450.50103391001
61,335176.1792991337
2661,170874.57132019536
2711,136376.68610557835
1147,168802.25110072628
757,119281.74935245064
2623,110285.66294361655
2378,140066.0676324582
1413,134465.46445825082
1722,211032.54042571844
1112,205195.88116121123
1623,201151.37315962862
1201,179909.13510365636
1513,113638.94727695259
957,605259.2673160575
1171,261043.2803636528
1145,186048.80851112294
2726,236247.74385486764
703,142102.43971696764
760,88347.24062171856
1964,152310.04161251846
2512,182671.07295438723
159,142538.41797092502
1281,164796.4653591304
468,176897.43144502805
290,122196.61534268742
665,99322.62953483545
1463,269086.026058053
1792,222734.26231303962
923,148607.85245940677
500,245869.4904428788
1408,186642.86797766053
331,84032.41311403338
170,114469.46491135335
2192,102026.8804638035
2571,247228.788653338
2314,177615.97181078422
2647,92447.47411672394
422,475869.0679841669
2457,386757.74952202325
1838,201471.55190129124
2805,256794.8191394128
1645,156951.1526980039
1711,296470.00514793984
2825,242185.4445862704
322,304116.5599544923
2103,256371.70009876526
342,125782.04791746449
600,132436.44408060244
488,178409.30216564177
1725,291044.2247823571
2246,292846.76999879495
2847,151424.29580474648
806,235499.06861074263
530,240952.29790296845
963,189811.8840372414
2678,93489.49108666035
171,88872.41815692955
2401,467318.121962245
805,222195.35529601263
2259,173783.8123359272
1748,170393.37134961915
1361,130335.66695422764
1677,112014.87044764138
1406,137612.27782060273
2322,257368.83762906445
688,146653.96899797142
143,142722.75259229765
804,205378.67860852042
1214,143669.59258261812
2828,149193.64267862326
1999,140961.75661372926
2467,199438.7686316302
2665,141278.28713374012
1538,390212.64466894517
398,124558.29533325136
2822,131874.9049101016
2157,140926.45372058998
1856,186746.6914889494
1269,104051.48206310996
2570,122969.82146359034
2320,236135.58861220835
1517,133934.56829463455
2304,148133.38493760466
1312,99778.88410765279
2012,136015.90332829492
506,253883.02196920046
2865,230251.94865965797
2367,101556.57076082542
554,77579.41415757577
238,129119.8662515015
1954,122745.55204407156
2488,126796.03923995853
2291,76602.17991664914
1969,110202.71834250355
2725,166080.94119201254
1482,147582.1517238606
2763,180286.15425526258
503,245065.06207407705
1584,241983.0311662798
1531,127259.9680461994
2210,171368.34627679782
459,333831.9529129906
556,132941.23703070192
1347,122960.24800176149
1290,77719.4696001633
1388,107618.66761882418
1571,578589.9760574489
2754,194539.605487008
765,127440.13173022924
2494,136935.03420722936
2870,247403.17633314175
7,223270.5214987866
1114,244164.81258182746
2418,282783.6156834372
291,150097.02925893324
18,330453.01752706105
39,380323.1918571231
1001,249956.3665823449
2442,223443.0669454343
616,113383.03028522061
2680,77792.33357445206
1414,133758.24819109618
289,148661.04480070414
40,250936.93891792157
860,127144.25089888579
409,142166.14236412322
673,149382.57762376007
2427,164866.78097879761
2036,217627.29435931423
2564,149145.16590659847
642,138059.39911360553
1008,188090.4179406563
1908,132495.89956631252
2519,196870.7761340201
1369,91935.72800503939
2855,167642.99976117234
712,100835.3131437203
1943,120483.632140368
1958,119503.26211063689
107,146161.80842058736
2295,216960.7480497345
704,95375.01219507481
676,135263.3438626847
259,180013.3616748898
93,284225.2319062965
106,251211.6204929809
2315,180323.3499291262
1050,119324.98009058958
1095,196848.5016407253
2709,144643.7470635357
758,125322.41868827681
1496,153906.35145012193
2370,121671.72408222828
2458,276574.1000498765
2733,131142.19588891423
161,274335.0539824159
726,149214.9389477536
845,203914.20509329296
947,255883.2677238875
2232,127899.77600085679
2563,158194.30751714247
2299,133673.99108312945
211,76688.73211931773
605,143111.1423210927
1478,186243.72929309585
2247,284658.1246402895
2274,215051.6185889836
2869,223860.73613971556
967,211526.92945400532
2656,117993.7423156322
667,173098.69540090134
1042,111958.19522238952
2023,156774.8158331198
2447,387385.1779020182
2055,125108.33326089972
2275,269898.7514622868
2204,178704.6008496166
1563,263119.044774336
483,223395.4157683973
796,125541.85729920022
1526,176800.34340202966
2042,115006.34346781916
442,343378.6154783776
1693,325360.6975238863
1468,218510.8092851783
1430,177325.46938176907
2605,129943.0660082557
1529,198861.1251141532
335,150510.43231267636
1287,120409.06149144715
31,103911.54138344298
1785,296021.3131956936
82,156080.7544901514
2620,102825.63028108946
252,182944.49001626697
721,57134.79172115995
2165,180654.0833479373
2316,184623.4579626877
775,127542.71954605737
1558,68603.2634573566
17,209704.8500146028
1022,208479.2209452523
925,130249.5706124236
438,263647.8542376695
1270,148898.7939477982
1272,134355.03623550988
215,121350.43730614483
266,235638.0680131502
2402,277094.7234626081
1250,134905.06074422062
1984,114533.75872632035
1279,142366.20367367455
377,261659.78202007717
1252,120182.82644294857
2156,267670.45150644245
499,322240.32577481447
1374,131099.47763886288
2898,255064.88744390977
401,125450.1901443694
2721,145458.94151207994
2078,213773.42854543793
2589,129546.54914826847
1946,218896.89123675952
1334,124459.35130810754
2781,215856.13232953608
431,421882.7792547903
576,184388.42950276786
1474,209124.5800712593
2254,152603.60818382745
2155,289901.00678094587
885,98107.26292600596
643,137193.19784507013
1944,126120.93400801902
480,186567.25762789452
2845,91725.89416006085
2387,325613.510415879
2407,201840.9253617595
2527,159370.05424982845
2514,151352.5811247567
629,134875.052450428
80,200197.78026940188
1876,161270.81934536182
1546,121243.88506040991
2518,170288.34702146237
2347,166052.9976615123
783,233419.08988158195
1322,44541.75255156789
194,86960.9539376892
1770,292888.1319290059
2143,127026.48420040791
1229,202397.44461139353
511,306945.90199484717
46,231120.6546684118
1348,159268.400642403
2465,196785.31483440223
387,236271.15857041103
873,216892.91777187644
1918,131932.77411506374
2764,233502.59787638753
2184,122036.37068019292
934,133114.1704341519
1920,134110.32381986032
2631,141914.95653464925
1768,529109.511993394
2040,119791.92260204237
1749,211588.93229981157
834,233892.7207785481
1457,240380.00984230125
79,123091.95375109592
2302,129248.84601479457
1817,142099.8980336384
2755,231336.14778029927
359,173801.09619450627
2059,115152.51128087394
2092,227970.0088435114
2516,228242.8612956639
150,127312.4920109595
1656,136003.98038392243
83,90365.23282850739
2411,173885.95363855464
795,76483.3452383463
2312,226889.23719677734
2917,88712.463760112
1624,172236.91422026235
2215,339671.88681854116
1211,154551.59749966726
1485,148847.9324513101
1024,173068.0542306032
570,213578.6281820285
2874,131800.75395427214
700,113539.3153949127
2756,207514.756542212
2022,198824.83630712293
583,247565.75924556833
2392,370619.2191789546
2424,175073.6648113433
212,106451.09104149143
736,130095.72512508869
1610,146204.85082267495
890,122256.52013797117
467,178738.5329436148
578,215935.59302881215
1747,190525.8671542464
1149,160921.75892560818
2758,269852.6096584565
857,139390.52280531646
2219,325190.14649714
733,82821.68578387477
2909,108219.70427587553
1798,270852.46456978965
235,112874.7015737436
2366,131761.11699043316
1027,137296.39490851434
1195,134698.06732138796
1303,63641.93839739844
148,179229.6849873091
608,160272.41246499354
2515,177506.47333852283
821,254236.50393691633
2500,267331.72787188843
745,106112.7670443924
741,126889.31453549625
1611,96089.76833860602
2532,125761.77223269289
1081,226650.9402070381
1692,452627.6082263229
2520,160973.14379597205
276,103159.42576901572
1992,126590.99534385264
663,78270.6331966831
418,127110.9491711778
1733,189961.25461216498
2359,150488.9209925961
253,181106.2018327456
1518,169167.5005377834
2035,122388.14963668292
2919,86531.08366060787
1540,273391.3827924484
2120,151067.1528219108
1674,162082.50637240248
256,148922.8752551303
2361,123503.89734204684
978,78871.6628580987
2280,140577.63623434494
2095,215363.11910283667
1709,348510.48166901857
2801,256903.56878972726
1246,114404.86595770356
2373,99468.69218640581
1055,305072.81934387615
2017,118126.95112351248
1099,237954.40322707567
1344,71648.89085445923
835,170895.2100710484
1117,208804.93692510098
2043,89178.15291766253
2085,121725.37354417733
410,143130.38990568288
2650,116749.8222574657
2867,190083.08115940393
1668,122589.62132223684
1161,164645.88266966178
2122,169351.22877353543
2539,151363.79944110205
1047,140148.24849969108
1445,129126.34980996247
541,128547.40829952585
569,233736.7754419821
1276,110583.79346618662
918,163121.89702577252
326,166761.17159707393
1936,127285.13134093341
895,101260.29962771849
257,152630.01785093622
1241,176249.56863453457
1545,112548.62958816413
1189,173421.49213869666
270,146514.37119949883
2066,129534.89145622602
693,111084.50213855218
1259,134010.6821580685
2916,148149.75162292994
2321,302995.46925303957
1977,95562.30745984412
1895,147917.59032814682
1240,158939.63087851132
85,137569.1781003871
1823,117363.77431553391
825,295564.21947991755
110,236494.3510916454
697,114292.27043939433
2297,125217.12702912593
1231,138475.62976767245
1355,129960.60472086494
968,336201.33934217127
584,221597.60230869707
1315,117029.13035751642
1606,147760.87687866835
206,94227.97631022401
1685,351294.94712464465
2016,134511.9903186102
869,204587.70750799854
2135,128863.66084675856
2346,182233.89380797665
2430,238724.7953319365
2198,72090.49873718468
2652,121441.414422262
27,117863.6894180544
241,161906.78520052083
906,110213.11064416739
1506,109941.43656700531
2098,401526.3801065628
1435,224703.71959692353
2213,125119.25354863805
1274,135583.0612652768
743,49699.304876306494
1737,191349.65492230098
2797,283000.72620439215
2185,85829.5500806927
58,167219.84245291058
830,195699.93084892782
808,124517.55548185918
680,144470.60439202088
1153,115852.11292229373
1291,126341.72884971264
1818,147939.24150355463
2161,181024.08537371503
1883,119605.00580208177
350,365550.24806130753
2473,141173.86227760924
295,189058.05867697016
293,188038.53223247215
859,137498.36545366648
288,69654.84315458575
1578,149183.24424184937
102,213775.98573036338
2831,148774.3689768249
1030,157303.5484291259
2551,149651.7489484137
1286,141295.73351999224
958,299341.43257628934
776,134187.15811148574
72,238636.9558937214
2263,241052.2136576676
1866,163062.96324849577
2876,78664.96494395229
2146,259470.44318114565
103,173622.31180277345
1500,141966.4669939705
492,189739.26326236964
167,153754.94558560007
2597,119198.22113647677
2685,110671.06257505874
1035,151703.31729622142
1220,80295.4326769363
2602,154373.07891997823
2159,203678.72155561426
695,120803.6611678418
1109,262501.86407547136
640,162500.1767053067
1652,152746.24342380857
2090,165265.64464824295
1188,176655.07437531147
2345,269375.8986053921
1059,425637.18808563385
2751,234079.28333501768
128,217698.73257729787
1523,170573.75407923275
2925,192624.3695710193
2145,309965.46260372625
1121,226052.7735022093
566,343315.1921327572
565,231633.10991649426
1331,127752.96799870899
2928,130062.10009573007
156,144488.18738376684
797,124284.8826030938
327,92788.97865171262
2859,124396.12173792021
1453,126515.17139241907
1762,355208.183839951
1868,191192.7828837043
1760,178740.22704641847
1113,242933.66614681843
1812,192062.55428428008
117,159286.60222561748
1142,220687.78194201
2342,405229.4310346739
927,151742.7409415258
2478,189593.82567954084
655,89635.69702257814
2064,121791.4352488406
369,280523.97733198636
2239,115470.99632290532
2732,305543.3374697837
1653,162486.7684748597
959,208582.5611603658
2395,350584.6190126482
1412,105404.14904924137
271,255263.0093785245
1484,148976.96772044865
1497,154606.2024302031
552,162298.77749568934
2,113694.76654745488
1855,282225.8579506643
4,252606.85957783376
2292,154966.98380467898
134,141229.56006755578
646,112054.91121077316
42,287317.73914341227
532,232548.5654134486
713,84954.4737241659
2561,136156.4612152234
2360,134730.63354056096
1333,110469.67268536027
1407,320615.8178458274
2892,311142.0128237897
574,215386.78268802806
1227,172469.17024076253
2591,217176.51501285416
1476,217302.44166525058
1125,243252.1915528914
1446,135814.19448282936
408,115911.12454000207
1101,299193.6415386314
2251,187447.686581611
373,181769.04105604612
2554,140268.55416534186
2382,248434.57272366155
1985,91637.36102893595
519,247658.4891561706
1093,192192.25078935418
864,255955.32180017314
2889,148805.72172622712
2308,164982.40955916053
986,163727.4521305626
1302,145272.2053987159
585,163510.40429554932
2708,149669.67863769026
147,136327.9616643069
1441,229876.29053642112
383,197110.69228778785
285,143671.36665259296
181,111611.1661258443
358,183429.39817620325
780,176415.19850635488
258,199255.65137980034
1865,239091.7737701496
692,120207.05059891228
2902,351878.8442892896
508,262105.38933610552
2638,141297.48459106637
36,139081.1091254243
611,165374.6167382848
2281,139099.75935944525
1678,109119.43986495669
1696,469742.6909524025
1557,70216.54115832494
2180,156141.65687931716
1726,218718.34439216508
951,151328.54838748724
267,223369.80915347137
2706,142972.0347641872
2221,253452.07716136792
1357,169265.9323437862
2901,335070.3532911329
347,178382.89590508974
2164,191806.57786163196
1586,311680.89013187645
360,152909.77043678216
1769,236594.19321073568
2617,165085.2042277533
1879,141440.4466371449
991,252797.87323202225
1535,117157.65885462512
1191,139148.82740162793
1579,202749.92521549953
1882,149739.62638152868
1510,126639.74076385095
2196,113837.18041134799
1845,177212.29807619506
2336,409095.0944559339
942,86151.06937942117
861,129563.51875700208
2555,111888.31378717476
1392,156116.47418437855
2099,254717.21437263882
1543,120762.37240756494
948,282024.64116739226
1239,160542.23537170253
22,186873.94721046241
2796,253237.39774067688
2747,185124.84408652777
92,307320.1821053864
210,157939.02977709414
1858,197214.02080548575
2228,152542.67199104553
447,223602.89900178672
827,253890.8371738834
1649,219909.24154929598
682,146640.1449976153
2698,110026.1791310045
494,164525.63322851964
214,69898.94326522438
2441,253912.40222358718
2679,105942.35485816382
1336,117779.24150763277
465,164431.33177824164
1524,144150.36405079757
2543,110045.76271130609
631,141462.09882896463
2452,313975.9393696251
228,149877.23228748777
126,208057.62336622793
1092,242644.4469730112
1122,206981.35564929145
932,244327.7697590377
1980,96451.78506632357
2171,103684.12484060175
551,159272.6982534328
2768,172589.31185871767
2056,114597.0215794263
1159,359730.5187767078
2645,112033.8340884248
1174,171888.58807062113
2266,208122.73410427978
2462,395059.26896255795
1219,152391.32927592896
2922,172116.91941322427
118,146475.07495893975
474,162982.6766187777
2576,146692.50493074118
872,280780.62336376734
1077,211488.94105566535
1536,132690.44664300384
1150,117619.64660102544
2341,355394.069270192
1931,140598.66983006027
2785,134457.6286241118
2538,135547.40395767582
597,200798.96739789646
464,185508.07994513997
233,229401.6365946267
2169,130592.41893622975
2123,171152.25425787535
1867,168599.24945076177
137,252855.3866355155
515,259443.64191386604
933,113022.89403439446
2784,163339.15433119165
972,169680.11505168607
599,159125.54362052144
2614,126297.37367300756
2582,142644.25686601264
1409,161414.18932968564
175,93495.61943074144
352,227816.63963184485
976,90103.82558971917
2134,187936.95965559199
984,119835.00947445996
2396,367114.1747235625
1673,136758.56297861287
404,126364.03705429027
607,155926.64260464377
814,147076.22365996317
868,188509.60483440288
2271,182573.76005004597
1633,233924.60061753288
337,146807.92719656674
2765,154982.25110485312
1746,264265.64940764464
368,329676.69505507353
2806,211804.52954407482
1662,198067.6862281749
1234,212003.13309279352
1373,126669.91643794533
1672,121777.47328882523
1939,126128.31277060532
