Id,SalePrice
2658,155373.23674386737
2718,155369.01030922914
2414,217573.00761987868
1989,102311.75297640698
625,169840.35356917992
333,95869.73907944116
1327,105957.32003465878
858,159074.81353057214
95,180648.99587382874
1568,165794.99941212474
2482,153494.20052450203
1364,122399.51116283039
2584,138536.79123486864
818,283687.22526589
2673,128903.08246524648
2089,125609.95004416046
1297,153773.24581864578
790,112872.10393103272
2616,181344.64099849056
720,179844.7271291962
222,157433.2645232989
557,134082.08844520812
1148,188021.94947744525
2766,165444.07339824078
534,184533.89507474162
1452,123248.11879048956
630,117617.86335646734
2648,114231.97812437845
125,152684.16557035825
1904,74498.54277050638
1670,111365.9174832061
756,96094.63369449438
717,224615.61754599994
1032,150936.2990530748
852,204859.3545825543
1731,170536.49657372452
2639,111841.40512366632
2071,95241.88290783353
1267,127263.29501651028
1851,190223.07055610072
567,167242.65724266137
2439,207218.34045935966
1898,148241.3896358829
647,155790.03575792364
2256,222706.33865658948
979,95960.13798745144
1444,217670.36673975614
2485,122389.28236397868
157,127415.66178794917
88,124888.60819909397
2003,109655.60613512686
186,214316.4971288175
1425,239511.5882378911
2695,122405.53081795626
738,111575.98879950105
395,156391.58956890268
1353,164266.65631012392
1878,138790.89491092754
390,155103.37206867093
1456,238010.14040807047
1103,310802.34592571063
1387,129595.00145513323
2070,153237.2442401247
1199,167619.83426243503
2479,170176.97674436556
501,354180.8790235713
2362,99444.45963338994
1718,204571.56436591336
2188,101524.05255157546
1483,150170.33413348225
2557,94751.07740237728
437,383506.8771423559
2224,154796.31931509552
1628,165901.40950946102
397,144476.27959364146
587,192402.70646055145
971,136487.44828214715
2611,141345.01451515176
1887,109277.02411501671
2399,370211.9766301762
2148,192994.10038305825
304,105748.30315289149
1997,120646.04820568404
2817,116170.52288159604
1431,203338.50371566814
427,324241.9495796275
263,123808.84361450965
598,169745.17936680396
2895,229644.8861550465
687,135166.62059596853
1822,139257.52897206423
2191,102971.91998392701
179,118065.81704645019
1009,211747.3502542953
2010,130536.98995615958
1991,123650.17702481865
1411,149588.61369964635
1721,212927.30472269678
1144,187223.00084767473
593,215136.3333689747
575,303991.81408476806
1249,161542.22899052026
1604,124985.46048020346
1064,565055.9596820243
1923,152899.4158820543
1988,110583.8255814727
2325,170231.03269299577
114,196520.2768236981
2700,160012.07973866607
217,125181.37357768575
343,170967.08256981955
386,213619.48324175042
2005,120752.34128387329
2908,140203.28407248296
1814,219148.1189242442
2446,476781.4533864632
208,139578.16449857983
1679,112001.73474351905
822,338626.45392798673
6,191604.55253382126
1781,421522.38765361
2397,284247.88719796936
2340,318981.9634214939
1618,176448.7345276982
2843,122172.36409060692
1061,371671.49458283733
2786,131738.06298041486
1935,137417.3527281219
1341,114942.99053541759
521,276448.3786273838
2136,134830.15212444958
996,202262.44168940216
227,138279.21215964213
135,175868.73420913503
1167,173511.97283887575
294,225334.51995350307
1776,200728.3397363648
540,160846.60588429737
1717,207352.8096821155
2303,136247.91321014805
116,178276.88349403965
127,136749.0230092093
1371,127477.6392424515
1014,117392.99864024924
1507,116206.17325027047
702,118161.38808775242
750,141513.14498235463
261,154652.75303700689
1559,72418.93665566287
577,220767.9325563715
2812,192621.58232031442
2080,149678.94096648652
1368,110146.91479945423
2376,124606.4855287272
659,107689.60471713573
1235,138514.56560673445
332,83209.44030712174
1917,140465.40302184998
2094,259185.9365383932
1460,243654.5335822617
1471,216850.59986677
1509,123993.82145387333
1922,140192.74393672592
433,595251.8328413322
460,236274.16622156437
1116,242821.54489991473
1137,159450.09472865608
53,166767.77589134648
2354,264792.62910887896
1475,191663.228425169
1761,604979.1898712747
842,140299.75267626962
2739,140086.4133719123
2509,153837.03275026713
1007,203170.2413308058
2610,177385.37642036716
1952,88426.63050982493
2719,156125.41385552738
2921,87826.49503901736
1966,139643.1160733564
292,103259.7652949355
1204,183253.5713664093
1829,292194.3213415562
2419,184857.38603397596
391,145062.9861897973
798,105008.2431468389
481,201811.61592809422
193,192658.7925422626
555,122553.00746619806
899,64852.07188082239
2357,172130.44830329405
328,111282.95917993764
1356,119886.27794102783
1154,106128.50401826667
1730,174015.99525026712
2249,155385.80516257443
1119,293297.91744524986
2856,133560.69503773446
1394,130103.17254285298
2587,122682.81460192408
61,311151.5155322588
2661,166922.5226165309
2711,135531.91001060393
1147,184114.77047900163
757,120363.43614177282
2623,101665.25592172457
2378,144991.4269835588
1413,139059.8028683275
1722,210856.45829916134
1112,221856.5353338888
1623,191342.61472598294
1201,182213.28739615413
1513,118210.44062348502
957,519677.06156273984
1171,268821.4884539517
1145,184973.6464324326
2726,219009.4008457124
703,142738.38477454372
760,92845.58468203263
1964,146921.3715834004
2512,176327.66326407116
159,130107.39484455036
1281,162825.6046477254
468,181066.95486083502
290,119749.42734905923
665,97492.23248691324
1463,248304.74808415008
1792,221964.6621831876
923,146139.33621129236
500,254063.03417169745
1408,181195.4425803409
331,84650.71566971732
170,111431.33832465683
2192,100281.47445104999
2571,261664.76735282494
2314,174163.68554436558
2647,94927.33185620759
422,466184.9321529234
2457,372096.7277488923
1838,190265.3242855409
2805,246746.4045862719
1645,152965.43814275396
1711,294277.1520830846
2825,239139.0825799632
322,337580.3590134785
2103,256267.38189951747
342,119902.57572327902
600,126054.73440298367
488,173716.68766883964
1725,287491.84485043894
2246,295340.9034997054
2847,146391.05594968284
806,236556.4329487522
530,235077.40649881956
963,182468.17080775142
2678,94887.29884888939
171,89039.18613767899
2401,462602.2032110453
805,227731.88452756824
2259,205238.12870139835
1748,185896.21279894168
1361,129704.09667339399
1677,115455.04427947925
1406,140959.80422845288
2322,235581.92467804323
688,146157.3055118267
143,139574.67262235165
804,215987.99134838744
1214,150486.81825620262
2828,140267.5620747552
1999,147834.2868515834
2467,188420.4191132035
2665,155817.22889741889
1538,436311.47485580866
398,121100.01258406663
2822,131917.06113509872
2157,140935.645399271
1856,205035.07864794222
1269,104632.37140628934
2570,117059.04153824216
2320,235802.07284603594
1517,140352.8116694618
2304,137871.25364223827
1312,98349.45235755072
2012,131869.55997656044
506,244088.01452158045
2865,228992.74687600878
2367,104537.59019433407
554,84093.24076515943
238,128278.94973770106
1954,122681.77824731587
2488,128066.24766851959
2291,81648.30778199028
1969,111498.78521662074
2725,153968.1453131331
1482,147847.26780121506
2763,191064.89720511527
503,256994.2233614652
1584,247262.13146365987
1531,134100.83109439132
2210,169255.12005374374
459,320799.75757246744
556,131812.73359322295
1347,119444.03607770542
1290,83164.38181961421
1388,103864.36051311957
1571,388353.2269676619
2754,188602.0368249139
765,139587.8969238276
2494,130776.27046851558
2870,234360.58251576877
7,213889.38769431907
1114,239389.68889891924
2418,279961.69484322146
291,121581.26149052792
18,316872.09209994716
39,396142.33198396966
1001,247103.34942772356
2442,227572.7857479391
616,123266.39182598285
2680,74467.06499027245
1414,136488.599812905
289,148225.2508203147
40,243167.13969454422
860,120713.80659145257
409,141875.34461625855
673,146751.948036748
2427,167976.4725740571
2036,207925.47741345645
2564,140677.02776110513
642,145479.78661775007
1008,174247.1827961896
1908,136939.44315192572
2519,208843.81644734758
1369,100527.92747783502
2855,172795.69017624704
712,106645.21181517233
1943,119606.45502792239
1958,123086.39745386325
107,158031.74429362835
2295,191087.15778984508
704,95468.00518370394
676,129412.8663768165
259,179567.3031795191
93,280756.07086514775
106,245264.10106791146
2315,178091.05004706033
1050,114345.71048863961
1095,208138.62592625123
2709,150378.23540723007
758,127095.26061217563
1496,152443.91267218816
2370,125253.62201874485
2458,272069.2969251306
2733,126919.32344023904
161,269423.29083613976
726,149067.4454219956
845,201195.51395781967
947,252951.17674135356
2232,114675.97987021487
2563,150853.52779436402
2299,122937.7804409106
211,94170.43120248652
605,144935.3621816092
1478,189695.49426436325
2247,290238.5072325198
2274,190369.43624490176
2869,223166.2852390849
967,211000.2905659521
2656,124234.93748819556
667,189842.05691502866
1042,110878.12659056639
2023,141832.91272304326
2447,391167.8207505783
2055,118307.06921642616
2275,286954.7489732796
2204,173100.72242981376
1563,278718.86630735773
483,204564.51296988904
796,128689.4884824782
1526,171067.91537721027
2042,124382.21771195294
442,331345.8151986164
1693,317320.9532474865
1468,217689.85638562756
1430,205225.54204188913
2605,127809.55411039609
1529,206011.85834956184
335,147367.08980501335
1287,122276.91877099308
31,104027.48831904124
1785,298834.5337729461
82,154771.18288989976
2620,111214.20414557318
252,177289.6849863665
721,65884.89264778423
2165,176524.80408603585
2316,189333.647208383
775,131022.54273148012
1558,74844.08104759456
17,236397.8513401049
1022,210183.38537281554
925,128691.30998431808
438,267035.43173850863
1270,142839.42696136862
1272,130759.46464054222
215,134559.07988190412
266,231994.62208830158
2402,275044.4460415206
1250,130650.19343504468
1984,124433.76381411338
1279,140897.1392163341
377,260268.6139248327
1252,123736.16292893735
2156,262358.48327039136
499,316161.2924506977
1374,131077.04645764784
2898,254505.84019946455
401,116856.23201491949
2721,153391.30113879326
2078,231919.25147280455
2589,135196.9646917162
1946,224235.81382425778
1334,124061.6504058818
2781,221675.60250677526
431,397367.5243624043
576,199458.80294608205
1474,208966.4235664991
2254,148512.61818716532
2155,294052.8374440601
885,99748.05610139573
643,141080.32499008562
1944,125858.00283751801
480,193892.21949467284
2845,90943.52896692074
2387,323959.73530906945
2407,199043.57015494475
2527,161110.95081692
2514,150301.25815060872
629,139951.69280859575
80,241917.88300976605
1876,136926.17454108666
1546,117459.95552253585
2518,172032.85851516898
2347,151115.57641370327
783,232532.03354730946
1322,59542.24024091056
194,87217.33688582065
1770,286592.7020504822
2143,126967.75581444499
1229,203859.988980966
511,299699.7610046178
46,224645.90817266866
1348,141775.97646584894
2465,191768.56120052043
387,233210.07190492493
873,216915.52507823077
1918,129785.73516445061
2764,239749.20107698475
2184,126491.41301293099
934,139628.1513296459
1920,132148.1850156836
2631,140496.07953547811
1768,606501.9873780174
2040,113605.01311604455
1749,215724.8298071599
834,255574.78954756263
1457,229018.5001963286
79,120197.93850815993
2302,127910.191922271
1817,146578.02972499514
2755,232077.07303581698
359,177799.13665776316
2059,113934.67177590085
2092,249354.92296129017
2516,228014.33879651967
150,125562.0774933539
1656,130740.36033993156
83,94192.93125717698
2411,175949.82146448473
795,79299.58453695058
2312,220990.3396833361
2917,91470.72813233784
1624,174793.1494967462
2215,332746.0713834728
1211,147145.221850139
1485,154219.90009912284
1024,167039.04773692825
570,204998.7803519564
2874,138487.90022479225
700,113098.50667915467
2756,203039.57637917562
2022,182218.77905212465
583,239580.98130216537
2392,392395.50401431473
2424,175022.6626497125
212,105964.98049424984
736,127128.84428645294
1610,140505.37910906723
890,122887.11592745817
467,178261.74912074077
578,191852.09575109885
1747,197132.79792087793
1149,156178.33430536062
2758,245742.9837479701
857,140211.7959938826
2219,280608.5489234512
733,79428.64772664708
2909,109721.74953016247
1798,260124.4591063581
235,120685.18450892082
2366,128908.95517816121
1027,131528.21174476587
1195,137594.61018993953
1303,66104.02901684465
148,176354.87644522742
608,145914.3423464657
2515,190789.58310155998
821,263430.7033541095
2500,260895.0186163504
745,108129.77902223499
741,127000.0386035846
1611,99998.02073135156
2532,128716.90460636783
1081,229337.26867397365
1692,450462.1659607971
2520,175677.0845132557
276,112812.49842530952
1992,113690.67982638907
663,73204.8009994491
418,128746.31588536482
1733,191965.3403884904
2359,150362.55931642716
253,177541.61265868944
1518,162585.06298530247
2035,120544.50977946233
2919,84839.8038305103
1540,284194.4469228646
2120,146941.81216728425
1674,171791.91581894792
256,157839.78589484488
2361,119182.4663760518
978,82121.11665654635
2280,149397.82363564457
2095,248655.83442318518
1709,341352.5501036263
2801,256725.80048083552
1246,117128.83765494126
2373,99817.45759053456
1055,289499.77262713073
2017,119668.78453751633
1099,262661.32005417714
1344,83236.21087256115
835,165862.90447495438
1117,205543.45721686224
2043,92386.23082740826
2085,118016.49659372942
410,147408.6539324633
2650,118574.45041208292
2867,180344.70859850082
1668,118829.30197855954
1161,164898.7288892039
2122,166091.43020288018
2539,153562.2389881945
1047,139786.0452339919
1445,131880.83512605433
541,125114.58903180696
569,227685.8654008565
1276,112869.94398246113
918,138638.87908416273
326,164078.89085095236
1936,131838.81909613893
895,99417.44762206572
257,142067.207808622
1241,168798.3350394552
1545,109806.58121687626
1189,162148.81313562024
270,143289.1373060533
2066,144810.32282738131
693,111149.14593255369
1259,132703.47758509908
2916,154883.82683903098
2321,307298.4602799122
1977,91835.75683489919
1895,149767.4543111232
1240,159447.02895715
85,141908.66284125028
1823,120801.57798785753
825,302652.14551087987
110,229097.01235514032
697,113136.18922317529
2297,123831.52661273305
1231,135466.33426958555
1355,130141.87196407952
968,348390.81226761406
584,214504.1244284809
1315,129067.02000722724
1606,144195.32897526267
206,90523.15180208883
1685,359453.1186027531
2016,132955.51910962723
869,199426.10200016608
2135,125881.18297761526
2346,174449.79303821982
2430,235527.13575127177
2198,74987.47730494507
2652,123130.55689112701
27,116619.33579536734
241,161410.6666607861
906,121877.01242934674
1506,108865.9537170805
2098,400755.55936534447
1435,220266.66452816944
2213,133258.12903580148
1274,136580.04100742287
743,47217.766389954086
1737,193174.7247293314
2797,286224.05933152157
2185,78781.4786887028
58,172132.98079941422
830,196778.23092859983
808,117236.91373414139
680,142228.91387097514
1153,110520.368743217
1291,132332.99216102884
1818,148026.17557582015
2161,179423.78832093443
1883,122942.54004437469
350,374198.46173892525
2473,135785.78569249692
295,184811.87037330473
293,175686.6707790607
859,131429.76718159532
288,80393.37531250234
1578,146501.2643800714
102,193531.38902777358
2831,142853.1002319027
1030,148043.22175154413
2551,147970.55393225962
1286,142224.02393029333
958,312338.7258280771
776,129920.63468358219
72,227996.70032596454
2263,248408.07807433014
1866,158350.15964112137
2876,80225.91046920764
2146,244024.9735572229
103,173199.16818926827
1500,136616.3681398808
492,179748.27354727412
167,148890.31691727464
2597,115993.49753921389
2685,107263.23417044053
1035,159770.75154707543
1220,79030.25319095413
2602,159964.83733951353
2159,204685.0627870555
695,130433.6928712727
1109,252876.1889467403
640,162457.90533923762
1652,154163.86882766796
2090,160504.94733942475
1188,169136.36846529512
2345,250200.34232069916
1059,430593.56106881774
2751,224835.37078128738
128,201186.6729627398
1523,202745.63475747738
2925,173189.45917655402
2145,297649.72474080394
1121,219165.66151218515
566,287163.689375745
565,234199.49778780242
1331,128756.65386898181
2928,125640.1489908795
156,145925.66448286222
797,121043.5165244108
327,96033.79920934369
2859,135175.47731918705
1453,120990.09197149059
1762,354126.5895469084
1868,201824.85053377904
1760,177024.37877013377
1113,236615.86021585882
1812,190446.05477311942
117,154622.62225145884
1142,204648.0265663332
2342,428490.96336275846
927,146406.75880611228
2478,180881.57423887675
655,89489.6049775932
2064,124785.66467128822
369,258540.3254343371
2239,109265.69806068741
2732,197818.74934766875
1653,160850.0220354285
959,206449.04288619442
2395,360036.36292115686
1412,104733.12439630291
271,247975.2548475887
1484,149432.35676928904
1497,149200.92764728653
552,157983.28944040593
2,116289.1291735472
1855,302503.0492229517
4,259980.83082629455
2292,159415.34727646125
134,140785.48468907914
646,109881.90004534098
42,294844.89736883907
532,223422.1114257668
713,91457.95811224477
2561,135192.89820262842
2360,140865.58784335933
1333,116430.26550623348
1407,260971.78195537292
2892,312238.2748384048
574,222837.79623129664
1227,179997.17694431858
2591,217969.10851123408
1476,216065.0432524506
1125,252532.16306165216
1446,158581.9410976188
408,121118.6358719016
1101,291642.6726138524
2251,192834.30713772582
373,168264.89890171253
2554,132747.43670663776
2382,251987.27307518353
1985,88067.335347403
519,240052.81671799097
1093,188856.1306627256
864,251402.36306827646
2889,142628.64575915126
2308,172396.98505069077
986,196316.871663179
1302,133190.19104968186
585,144522.77702759783
2708,154843.4008868594
147,130842.0143982426
1441,223624.79174421722
383,195413.9947076401
285,139288.28847693317
181,114637.62420924149
358,190668.3108403181
780,175116.96959559526
258,192182.65415596057
1865,210497.4818932797
692,119012.85758353073
2902,347108.9692419775
508,256738.68119846543
2638,141291.66262473603
36,144399.18070897725
611,166130.04648914488
2281,143091.89440308508
1678,114489.25536274488
1696,485458.07695888495
1557,70395.56011343512
2180,154677.47699186718
1726,211961.3163621203
951,144574.44382414795
267,220016.59985649708
2706,135987.81012225215
2221,255664.61635025826
1357,183626.5055442083
2901,338110.12590179994
347,179717.01076397882
2164,186435.5480604059
1586,325047.5741154501
360,153321.6869474386
1769,246735.96870869648
2617,147530.82370377055
1879,149109.17738482394
991,253251.56161784398
1535,117323.35815078452
1191,141935.82577948476
1579,209562.39897422335
1882,102699.15353838305
1510,127198.64467908285
2196,106587.51735497658
1845,182003.20056422814
2336,412226.3226235587
942,84545.74131359572
861,135992.7760953108
2555,120217.65452531597
1392,155818.73949839853
2099,255460.451977529
1543,123049.62650707606
948,263036.0010025573
1239,166543.50314868052
22,190719.03454663043
2796,242808.68472736372
2747,175978.45894681272
92,295034.7204290314
210,167555.5936730568
1858,210177.55661197533
2228,152773.95825925164
447,216892.4480637081
827,247267.77327553427
1649,214882.3799617837
682,136739.4992433648
2698,100152.35045209972
494,169717.96714404208
214,74371.40964924941
2441,239797.2273978003
2679,109668.71120447235
1336,115628.9052183466
465,169308.83635711888
1524,131207.2246765855
2543,114116.22080703796
631,142810.87312448822
2452,316406.04835541913
228,154004.51665995046
126,194333.04656769783
1092,236540.81915989876
1122,201629.4135261179
932,227038.0622611803
1980,87891.34214477186
2171,107542.42302630623
551,159489.54383796555
2768,168601.98891035962
2056,112099.67195473374
1159,358916.3730369142
2645,118346.90529625014
1174,176247.85207344097
2266,210937.1230585218
2462,424548.3013002261
1219,149125.55320902006
2922,172529.57785385428
118,141256.30872760256
474,163475.55390638582
2576,146383.3305100875
872,289761.04137894063
1077,206742.9684464259
1536,132014.98291203566
1150,115578.72981581224
2341,338979.5267190961
1931,152156.52548477668
2785,132756.983026675
2538,130671.5156281596
597,190260.9133550133
464,181511.98839277014
233,233826.58625995187
2169,122734.05591452775
2123,171004.3329405207
1867,159448.08946986034
137,248434.78124625102
515,239893.364217237
933,114344.8519901291
2784,170414.01306313224
972,166339.68760749395
599,157721.91241149628
2614,128458.59256780236
2582,144462.72621618476
1409,165506.56330524353
175,92583.30632811062
352,213062.12171806316
976,93191.36097200637
2134,191488.89354806373
984,115842.33536448849
2396,388230.8384120369
1673,142161.53111989278
404,124511.33973367164
607,162113.31935620916
814,151736.61001214953
868,183350.28817383398
2271,179284.84122937478
1633,223012.82973552277
337,157861.79326090883
2765,159482.7069238367
1746,240204.96156148397
368,330030.6874461568
2806,205727.2546825798
1662,190562.77545003526
1234,211652.39676351787
1373,125044.91277676479
1672,115798.17906767073
1939,126749.4638051156
