Id,SalePrice
2658,146406.08285876655
2718,163361.69467665005
2414,217017.8718299448
1989,97492.75835000428
625,156111.94924529298
333,100077.49771570669
1327,107151.00399436343
858,156689.0382227625
95,193388.77876695304
1568,164321.1383816659
2482,165342.50664288207
1364,123443.8800190385
2584,140937.95959556568
818,271813.04332718236
2673,124569.6793204967
2089,142428.75812104784
1297,140747.56012644104
790,117927.5612959201
2616,169330.7923481433
720,189329.8352642025
222,148402.346166348
557,119956.83257161232
1148,194243.57793469823
2766,151816.02430950713
534,187369.2223689715
1452,132674.36256920753
630,114038.80918175551
2648,109011.07846867124
125,153003.5061541673
1904,71325.8054369395
1670,116000.7013780347
756,104532.05978956324
717,181111.61874989676
1032,145180.64327110237
852,215491.89617231
1731,182662.94877612777
2639,109169.43530152323
2071,109008.04314052894
1267,120938.2755133485
1851,195036.86489251224
567,165056.1746095122
2439,204650.03025820843
1898,145387.92626465342
647,158675.78657860053
2256,190878.64939116346
979,101943.59727763679
1444,215893.60930547415
2485,121793.24045985067
157,128538.04656662174
88,118016.67628455312
2003,113610.38419523227
186,199004.99031533676
1425,230821.31678546517
2695,118724.60427468449
738,104844.14984312886
395,159623.06334627612
1353,173062.63816313195
1878,138216.73421569352
390,166927.04970090033
1456,220360.59024364315
1103,295253.73606545344
1387,118132.2283567156
2070,137709.94281020042
1199,194289.1994141758
2479,176102.9721712377
501,292489.188316734
2362,102284.18628772053
1718,186358.31243256913
2188,87812.80187270486
1483,140434.3656980128
2557,90327.9229010535
437,388009.17899035546
2224,194322.3467093666
1628,175378.19263800178
397,141154.35562044496
587,194230.70765860702
971,171143.9501004634
2611,146245.55403075888
1887,127695.75177944428
2399,337372.2158173797
2148,192767.92098706498
304,119335.06864612503
1997,123502.81611636626
2817,110610.64741430237
1431,180430.32918430495
427,327604.4284262537
263,126331.11034747167
598,165945.00987578637
2895,238501.56321281445
687,160845.93989412524
1822,136304.82385959264
2191,103813.43548290926
179,127220.4171731955
1009,208928.06536480508
2010,129810.00360870908
1991,141422.8019495826
1411,144907.54387766635
1721,249880.52501685347
1144,186141.00307004486
593,227507.7441587
575,287407.54263946845
1249,171642.8698459368
1604,125697.95010587995
1064,506423.4836269515
1923,147695.96482572966
1988,123148.59709626979
2325,170379.05178736942
114,214351.62705424367
2700,183210.3366818987
217,132587.9705428651
343,165569.63747995032
386,225879.46934680393
2005,131871.05602661436
2908,154419.70567801135
1814,224335.64107150288
2446,713543.0129120213
208,131336.55485768477
1679,112399.1060616779
822,293813.4614041541
6,195021.23458425296
1781,407478.4695270961
2397,270779.25440774485
2340,308336.50467158353
1618,192495.95610476873
2843,127445.15964650844
1061,356106.62796322297
2786,134568.77406911482
1935,135586.7599498813
1341,115880.95826777279
521,273309.7965957088
2136,129239.03935986024
996,186214.23088368782
227,140433.91725629207
135,172425.94831497225
1167,180863.43252834727
294,231387.8890913863
1776,210597.66991274836
540,168743.70833191383
1717,196282.98893665487
2303,140220.2955839467
116,178313.2943236825
127,131008.24716976991
1371,132540.28365971197
1014,135335.5946285634
1507,135286.5473772891
702,121157.84589379391
750,142620.45173580808
261,170777.87625354345
1559,66881.63803920039
577,234416.1396159517
2812,196660.73082351516
2080,157292.56139228394
1368,108286.80821078405
2376,118764.40761841569
659,105352.65999651345
1235,133745.30829344396
332,83886.83388965498
1917,144511.68081433122
2094,235268.14630668925
1460,247374.73475628364
1471,197030.6346896893
1509,128609.12844029178
1922,137360.43891114593
433,547185.73100466
460,249200.8415577959
1116,256754.09841083668
1137,167334.84011947113
53,175826.42446333254
2354,270461.12278666947
1475,210173.26757771097
1761,807989.6449522701
842,142183.0493430442
2739,133041.3542782634
2509,162583.28492995646
1007,206042.77729528918
2610,184783.86064007628
1952,83067.22053238447
2719,173572.02614290218
2921,94964.88440111603
1966,138744.7094373627
292,104617.1990044888
1204,191115.51196624205
1829,268925.5609006788
2419,187834.42973326318
391,148216.2511190691
798,116593.54757139215
481,192849.66264171185
193,189024.07147094875
555,122549.6515595144
899,66668.09977771269
2357,191488.94889587202
328,106813.51926851411
1356,116999.69560087119
1154,114167.85507288524
1730,168808.39656179317
2249,141027.55820925403
1119,264220.8438794416
2856,130322.32346654104
1394,138009.02367361906
2587,137580.68897506737
61,310308.7493172927
2661,155754.85251975156
2711,146942.15315096488
1147,178442.40530318543
757,120209.37107428705
2623,114790.56173079842
2378,146957.43265450397
1413,158877.39456142118
1722,235252.66399896375
1112,199384.3429072558
1623,189943.907421385
1201,184825.52835126081
1513,115665.61043641208
957,1599116.806509624
1171,267374.8889932694
1145,200639.49297099962
2726,235918.71858877593
703,135905.3883115129
760,95860.29909539783
1964,145003.05776483117
2512,191373.0659009659
159,138120.54564291151
1281,164382.4561036268
468,170798.53354103942
290,121289.04359073487
665,96134.23193446473
1463,258520.31742356322
1792,220193.45506124414
923,147703.96543687803
500,238874.70052744175
1408,174822.97253035405
331,88200.57987193664
170,112690.53880493315
2192,96711.33168390421
2571,316076.6171758875
2314,179287.1222678364
2647,89900.05226713185
422,423711.41843816
2457,362003.67521410354
1838,202558.27313093076
2805,256828.52972321218
1645,162357.24602706148
1711,292580.8557903939
2825,228429.73174447654
322,319125.9131189972
2103,249110.0936173972
342,129134.13405141732
600,120294.95473800298
488,173604.9620661421
1725,320003.6221613718
2246,272275.01723128516
2847,154261.18219726742
806,251561.009757365
530,230179.19875387315
963,173403.7486708068
2678,91665.25271001132
171,94669.80235509586
2401,493032.34642426897
805,220401.25155261965
2259,255485.89639855624
1748,189615.85543620348
1361,150359.1733033451
1677,128797.56777547907
1406,129609.04708551438
2322,252512.49482480268
688,153879.347263182
143,139822.5536839917
804,209613.7638563001
1214,146227.37747034678
2828,153692.97505941635
1999,128996.42920269795
2467,206086.5836930171
2665,147615.94312089556
1538,479874.09874712315
398,117401.94458721648
2822,128191.39428790298
2157,140082.69734425782
1856,179259.0856118684
1269,116856.45734344184
2570,123526.19932670341
2320,217607.7071017514
1517,142282.00066702737
2304,142286.6614040526
1312,97376.92810251623
2012,135132.3706363332
506,278394.0394630069
2865,250629.5012324576
2367,118491.53380908456
554,81136.4074052518
238,127756.18459125438
1954,129279.55529684201
2488,168219.4380317594
2291,81639.50826725057
1969,124599.44782887888
2725,152165.21355142587
1482,140434.3656980128
2763,184579.08372781385
503,230090.8630078556
1584,233338.99488107362
1531,135158.7257154641
2210,178086.43920963956
459,347447.0142069032
556,132867.44152167326
1347,130048.99035383503
1290,80975.19059684534
1388,109854.21188157197
1571,725809.3919313945
2754,188309.66658426635
765,131002.35070817514
2494,136062.6200993194
2870,227286.5429555131
7,227641.09467042462
1114,231103.505419057
2418,276230.49475856556
291,160762.97025749797
18,320303.7538094778
39,367952.8793661617
1001,259883.26619650147
2442,224935.83009468904
616,116093.95896010302
2680,84172.51938337657
1414,129624.15818641441
289,141612.0679471831
40,265506.8834354553
860,121505.37186780287
409,138816.4795519729
673,152335.17973743036
2427,184174.95821877508
2036,220093.0446303132
2564,142282.1529724507
642,155760.78050747776
1008,193068.3670038084
1908,149808.69733364208
2519,174288.48355505214
1369,101771.59204775808
2855,181208.207182912
712,110619.4498026861
1943,104798.22765796915
1958,128020.23304643061
107,145910.32932144002
2295,209802.90627100482
704,89669.50037582174
676,142927.06966530802
259,185072.27263374886
93,278989.3712215836
106,248644.9579392325
2315,176733.23493312116
1050,119596.55869618988
1095,196937.80769635102
2709,137043.21260018498
758,128233.6126855684
1496,158458.09890340752
2370,139991.84125237956
2458,270062.2507118005
2733,118156.67851141129
161,286228.7584136464
726,142769.70620245408
845,204960.71480540148
947,252459.6712748504
2232,110059.58491460714
2563,154840.11584794635
2299,130203.95770646742
211,81515.90420856392
605,153224.64936348028
1478,199409.3557231787
2247,256401.6884720354
2274,175777.81694128964
2869,194191.30536364112
967,213450.51835540897
2656,115002.4026644323
667,194148.65672776496
1042,124024.70871293326
2023,155695.15596063904
2447,371998.7588117676
2055,130825.76818996042
2275,298083.6797874191
2204,173002.25306590323
1563,255063.00881869133
483,207857.34604840018
796,122075.67336336905
1526,174333.65432338437
2042,118381.77720755557
442,340188.26876477845
1693,325142.94863932475
1468,214701.51620733435
1430,183164.86438855933
2605,144286.33353360198
1529,218619.7565611501
335,162794.52264512776
1287,122495.94968925708
31,114529.62147668749
1785,260059.5733329067
82,157787.34718159848
2620,104690.11921165985
252,181344.08361142542
721,52576.001259275225
2165,176990.3971161419
2316,180082.86418407536
775,122678.39334376165
1558,72715.25767028885
17,243844.351573846
1022,218476.0145092349
925,124413.63021884304
438,264878.17105017306
1270,147314.2846835414
1272,128725.65573263443
215,122606.54291200209
266,226905.91783969503
2402,269243.81671875634
1250,132231.08531550705
1984,117222.76178320023
1279,147043.5116388784
377,294374.3060480886
1252,144441.34977441022
2156,260128.82204282584
499,311207.81575926713
1374,126227.71265098051
2898,254760.53349994874
401,119786.56155715426
2721,155087.24970315202
2078,224599.48502491336
2589,132669.34337189165
1946,215776.94083397195
1334,125100.39903284817
2781,208488.5022014738
431,410816.4289089239
576,175416.95464393738
1474,205074.66077798422
2254,152944.5230156503
2155,284050.2462134409
885,102897.31426260607
643,144534.90623900632
1944,132399.3436466926
480,187027.05035629324
2845,95126.41356257013
2387,312793.8783184831
2407,209328.69220995408
2527,161028.5869594119
2514,158841.95262442908
629,135092.71861523652
80,220342.51999843316
1876,135799.935400717
1546,130567.78382114078
2518,162797.99462614674
2347,156857.24072349863
783,207332.33675213202
1322,53356.636576604615
194,82255.21748920264
1770,269650.9606260093
2143,120729.50328908271
1229,203381.65566716963
511,272304.57966078346
46,226699.85841752135
1348,141575.7999605795
2465,203773.92695627137
387,249298.44602078415
873,202131.87930333987
1918,124306.24350448667
2764,235232.91202927878
2184,125860.65012906886
934,136729.92969258036
1920,130809.57070216417
2631,136643.53330308732
1768,857809.4213477462
2040,115095.41523431534
1749,209534.95240322026
834,221563.75210712542
1457,230476.3995816038
79,127546.23060449812
2302,135006.75151854643
1817,139662.9244506311
2755,241111.40881448393
359,173396.90566945763
2059,119616.72933647633
2092,227070.68028355084
2516,234632.35598586197
150,135853.69176648298
1656,140757.26120389096
83,90022.95900678988
2411,185443.05155208134
795,80218.80257789994
2312,229544.92740215687
2917,98241.60644060606
1624,188038.8502697797
2215,430202.06456914736
1211,148973.94087879162
1485,140449.35134573086
1024,165791.6281757462
570,184114.7534421838
2874,143711.30941213586
700,116096.33324477269
2756,208891.7136755447
2022,177203.20866853348
583,210392.99377384497
2392,357761.44979290635
2424,174420.98046441024
212,102203.00537816262
736,118046.07224922742
1610,145687.9621557955
890,120823.48909732925
467,169503.85839087548
578,241379.83455144288
1747,195808.24352046195
1149,166236.36060341538
2758,243639.05968575864
857,142007.7112228353
2219,331364.5298993877
733,73413.16159104768
2909,114522.07776826937
1798,248693.58978196612
235,116667.19436657845
2366,130537.15690469136
1027,141889.74575086572
1195,135359.57807555507
1303,61470.94184623481
148,165452.03659453362
608,138719.1412905245
2515,200231.06193644778
821,234927.35228231593
2500,264823.9937926158
745,103603.01943844538
741,126766.3871054012
1611,112870.59165196093
2532,130641.45030683193
1081,199288.74435141965
1692,460007.28259155795
2520,160984.8774882418
276,136406.52405770269
1992,130621.44697077962
663,65091.7919560547
418,139138.19587113126
1733,186074.89944611
2359,153071.8776250793
253,190492.2129174849
1518,197395.49305223685
2035,130380.17265282787
2919,87856.73307720564
1540,284041.6211565832
2120,151236.06025644735
1674,160221.4502717941
256,154468.0633053504
2361,102460.69246729539
978,79632.60916481906
2280,145050.98106987408
2095,226500.07706658874
1709,320244.7434598337
2801,246496.01050909475
1246,121396.4828982471
2373,109061.93038905381
1055,289746.87126729276
2017,117589.8285461807
1099,246672.6040296791
1344,95581.50197647506
835,192042.8254296988
1117,219626.81307932985
2043,92477.57114400146
2085,126769.61845699407
410,150124.51866321106
2650,120316.70101509403
2867,194494.23575244765
1668,124687.49275656439
1161,168927.96751126467
2122,171101.93361357308
2539,152657.69039711525
1047,143797.81573019392
1445,131493.0614215711
541,141101.17180844248
569,213992.85966341523
1276,112655.00214473161
918,157545.47021475504
326,156163.3618455098
1936,138688.60167055135
895,99944.3348361464
257,145120.66659594263
1241,170606.37308898263
1545,124370.03292080935
1189,173058.09238740336
270,140434.3656980128
2066,179750.48211035068
693,113229.66492857807
1259,117990.30119099627
2916,156957.27132433534
2321,293246.1234394214
1977,88910.53344747046
1895,157457.01940336105
1240,152118.16011458228
85,144846.81097845698
1823,110555.42879310851
825,280140.0836308746
110,225675.03873821517
697,124339.67345857035
2297,128550.52068370646
1231,133429.9967720308
1355,127165.27860621877
968,321005.6723831643
584,220171.46059089003
1315,118022.6082353467
1606,149544.32549483553
206,98626.00233756853
1685,354073.3746331783
2016,123844.6195031743
869,204982.0764589946
2135,125615.31991771425
2346,185291.68801783206
2430,215592.39664156604
2198,73721.38321258982
2652,121225.70485905663
27,110489.81881665131
241,170600.99450396394
906,118623.1554952113
1506,119160.55048566828
2098,355885.6408206058
1435,202144.54900525804
2213,145588.00758287005
1274,142162.85195208204
743,46712.52633432403
1737,212039.47651165168
2797,267512.01617277495
2185,93561.9616686359
58,185506.18697277812
830,189866.07565132965
808,154378.6821940605
680,147307.82636255663
1153,106652.74042412711
1291,119594.5236939197
1818,177815.37266304603
2161,185827.75633518086
1883,116323.3122945762
350,389992.36334103596
2473,164204.92801620997
295,210602.81391616858
293,184378.5934226706
859,135029.1944516993
288,72217.93064871851
1578,139716.15760283225
102,180595.04705913007
2831,145517.59214410966
1030,154984.4006817781
2551,148467.0381158455
1286,133656.9475446772
958,286632.36477880145
776,131948.10287530156
72,209424.48220847262
2263,242528.60607031724
1866,150041.65670783407
2876,77235.26622361009
2146,250880.15832391038
103,187006.88985796794
1500,145910.66089846156
492,191552.5026027442
167,140953.9625775252
2597,119955.67268336774
2685,100994.2374231524
1035,161632.81129261208
1220,83691.42351927141
2602,154151.32045040323
2159,200422.12921369536
695,127682.70843479285
1109,241810.789815022
640,165327.85483035952
1652,151787.14897916466
2090,155750.4338769781
1188,183785.29203209502
2345,263178.9370685994
1059,437941.9409945776
2751,228929.88510643944
128,190988.02611850144
1523,168369.71619964237
2925,166343.5607089536
2145,295105.15677225136
1121,253099.75573909364
566,269586.1678702379
565,245797.39152019008
1331,130779.19396089637
2928,142499.4885256476
156,142642.99651482032
797,131172.09104075297
327,95926.99043050875
2859,156493.05920966878
1453,127831.79480377413
1762,331082.47089379234
1868,216185.34103235826
1760,174311.74077766264
1113,251668.84860273698
1812,197389.8053666589
117,172377.9442653487
1142,200858.78847628832
2342,390635.89998591645
927,146339.97016513167
2478,180329.4112718275
655,84484.7697332579
2064,126421.28113116698
369,252757.54684044176
2239,109880.798653839
2732,192234.26821036523
1653,165396.877130286
959,210400.74782473585
2395,348821.64483054256
1412,112273.33789781106
271,252343.2139730461
1484,140449.35134573086
1497,133844.46222740816
552,196310.09446921226
2,122048.16679562363
1855,284705.90611909586
4,250746.65627477955
2292,154583.59595762566
134,143119.4027457545
646,105476.83436136496
42,302303.91765056556
532,231100.02202791147
713,96541.35168243153
2561,127599.51986440006
2360,136881.30148712156
1333,116331.2027536094
1407,298004.1019998378
2892,307958.91608904954
574,229961.52739561038
1227,179685.90042958286
2591,226869.59055454071
1476,206852.48552032397
1125,248744.72967549888
1446,147967.5029701144
408,132851.05836318326
1101,279604.41589724366
2251,170170.31055854136
373,185055.82825641375
2554,128202.42381264594
2382,265701.7414156245
1985,86533.64033230513
519,248005.66609907502
1093,182812.40334048157
864,251172.63735161105
2889,142232.53092775663
2308,164981.4675034682
986,152883.73359772618
1302,134956.38472172324
585,163974.22952802494
2708,161188.2995461789
147,132000.7235697994
1441,219562.5381441933
383,175527.97547427373
285,139909.39010248438
181,112449.26602775049
358,200440.55615904246
780,171657.79467219216
258,203982.4368343142
1865,209980.44505387737
692,122142.35985347607
2902,318697.37155394367
508,244678.66483142748
2638,142823.7068487223
36,147935.1547622986
611,171790.0728273358
2281,137783.50954286175
1678,119359.36438826684
1696,502019.62246032874
1557,70450.28504377001
2180,151381.70549685182
1726,242480.36089884248
951,144301.88255831142
267,215129.00204997868
2706,132651.55448606436
2221,250343.66601584567
1357,181453.62555866202
2901,316315.3889147172
347,199905.64768012066
2164,188305.14946444542
1586,296007.6562276311
360,152352.52711472014
1769,230306.30621667806
2617,168897.27282250283
1879,159373.05937014456
991,249212.51206339014
1535,119770.50552360412
1191,144634.54798417268
1579,201931.58547439706
1882,162068.3935836859
1510,124098.31350488217
2196,130507.20696853871
1845,179214.50683476072
2336,410473.7812765361
942,89200.92810956584
861,136028.64862449447
2555,114480.17312367493
1392,143541.30462760755
2099,246481.0409908244
1543,129009.0892443709
948,263326.05440134794
1239,160172.85454347995
22,171895.4399062181
2796,224299.66836553972
2747,163983.3672650661
92,285602.2519804428
210,155986.30554340474
1858,187033.3382959276
2228,158938.16980630514
447,229097.92887659068
827,223354.41635506478
1649,197072.93907550815
682,148262.05687920444
2698,112137.881741609
494,179989.37667974248
214,69285.07252658115
2441,252992.2717792561
2679,104993.47327758932
1336,107278.55183349215
465,172083.69797929804
1524,145800.5552949871
2543,111004.5976285604
631,138339.91857231708
2452,293765.7242225813
228,154666.63390148283
126,175075.51792645437
1092,237815.76395503138
1122,213515.0826030282
932,220244.41991363277
1980,89394.29026715823
2171,103195.37002222259
551,174711.94572939395
2768,162041.29913515184
2056,117204.23405686744
1159,385766.3161311118
2645,110494.55215310778
1174,185387.32590286972
2266,206630.95104322815
2462,442355.3552482251
1219,146338.49195874005
2922,187955.39083225344
118,135636.00616744524
474,175346.81943089113
2576,156233.14458206488
872,279231.4592008075
1077,232081.30548822525
1536,136274.75597681102
1150,123995.5567804954
2341,318341.44081860385
1931,162661.8798525588
2785,131517.21593054596
2538,126920.5056020687
597,208421.19722919783
464,201929.32475178665
233,239155.26478156776
2169,117258.74183293384
2123,175074.61180556484
1867,165101.80120454688
137,256526.57832565985
515,247619.96611912083
933,119193.17933181649
2784,166417.9198758076
972,158460.56309849967
599,157265.20283240493
2614,129308.31876663417
2582,125034.15002195248
1409,154811.75030372047
175,87795.4318808886
352,245718.98119093713
976,97849.66931390969
2134,192361.3860615537
984,122986.78177312369
2396,353004.07038624695
1673,148447.33229990696
404,129640.0057235415
607,145668.1624582426
814,133222.91309948286
868,190226.06129383008
2271,173262.71051878008
1633,221067.73214655582
337,171774.3163044733
2765,180287.74328501316
1746,227753.62523956108
368,327794.3020455885
2806,203228.33353539923
1662,176966.45020908286
1234,213479.63570070665
1373,127930.27478854777
1672,124075.98573650619
1939,115461.61238537134
