Id,SalePrice
2658,152519.93095904513
2718,153577.69053123245
2414,219574.92119168703
1989,102321.95845517497
625,166540.55149130526
333,95664.94892966076
1327,105293.60827742556
858,155281.68100452176
95,183610.63490264968
1568,162669.07193244153
2482,152358.64603088333
1364,126776.88790538182
2584,140368.8738914098
818,274794.5300617834
2673,127213.88694788468
2089,135965.18525591152
1297,149149.6904748087
790,112437.08805507026
2616,185540.39477521254
720,185358.11855333735
222,149443.62225174095
557,132832.9410271448
1148,182273.2285340714
2766,164573.1291594036
534,181496.0989540441
1452,122059.36770812998
630,117820.52801559468
2648,111625.01565132802
125,154725.4319305044
1904,71951.92651389497
1670,110544.56413252675
756,80453.03501622939
717,224620.08959209517
1032,151375.57695996456
852,204148.14067619998
1731,174999.6468616801
2639,110038.16718744324
2071,104849.15424732292
1267,127327.81408028815
1851,191052.52413644062
567,167425.1895986163
2439,207594.02780892537
1898,144706.73329687523
647,162758.43546585468
2256,217779.4550150073
979,94298.3429556915
1444,217375.69031451285
2485,119208.37380057908
157,127576.10719967459
88,124078.12495729867
2003,109089.9036611628
186,216136.1802043309
1425,236943.18235395275
2695,126775.96509438564
738,111053.60411900976
395,154252.38552113742
1353,163580.01878719986
1878,137818.16943314264
390,152997.0471715157
1456,235886.67730663033
1103,323243.0221357136
1387,128854.76349077816
2070,150373.15616285402
1199,168436.3819032044
2479,167520.04231800287
501,309784.8590513093
2362,97605.27101576279
1718,197357.8443834718
2188,101519.5726529738
1483,149736.19331318847
2557,95809.18568952566
437,390912.9479365246
2224,164629.3186954284
1628,165866.40530575934
397,141179.45088569305
587,192148.4248401265
971,140208.80359323393
2611,143877.94258060632
1887,104434.49912927437
2399,364196.2623512911
2148,193901.27880958698
304,111878.21777149696
1997,119856.47157597884
2817,118155.68469127247
1431,202481.84407408486
427,323774.26560174
263,123606.15870036713
598,168671.62574716695
2895,231924.4247075631
687,113803.79400401817
1822,135405.7188150384
2191,107565.10713874816
179,117991.64543136848
1009,209744.89160092673
2010,129301.52757860081
1991,127969.01441387525
1411,150458.0890862985
1721,214638.4453428058
1144,185597.8514788986
593,213847.34996154273
575,282739.52964758244
1249,146865.38205474138
1604,123494.31821136891
1064,667233.1991235442
1923,151834.4438328484
1988,109396.45460391742
2325,168933.02384372515
114,200772.5899852921
2700,157084.68580284232
217,124224.2172812228
343,168434.02414864022
386,217268.45265034027
2005,126586.5859224939
2908,140945.87111595133
1814,234067.28090439056
2446,633855.8261614486
208,140555.30932101226
1679,111730.56872428561
822,325817.79264559085
6,191679.42531697417
1781,426315.7778922089
2397,275714.45024971256
2340,316033.5741671225
1618,180464.30096149302
2843,91256.65717880815
1061,371883.4848934748
2786,131353.54412567778
1935,136309.66882141202
1341,113539.41831636078
521,277414.7293529269
2136,134641.93274799432
996,197219.6226045135
227,134450.08846456985
135,174077.49950566122
1167,172108.73606380043
294,226849.39110838893
1776,201268.8666956398
540,160238.22222353824
1717,199731.23578002627
2303,135985.7430499483
116,175165.70378804338
127,139557.22729005964
1371,131693.55454408404
1014,120508.16001558548
1507,119645.6070166029
702,118133.34218577167
750,140378.31397775403
261,152783.353556408
1559,72888.53594769903
577,222081.7037799608
2812,193815.156345628
2080,148560.59963872234
1368,109418.867881195
2376,125828.57586404448
659,108234.46613711205
1235,138475.5444130302
332,83638.55361474071
1917,140527.62523718865
2094,252458.89665566004
1460,246472.2513144552
1471,215849.07205460715
1509,124080.47832568486
1922,139048.83370858425
433,686560.2340824315
460,232769.5708499661
1116,240261.10963634154
1137,157489.35175601646
53,168193.71594013216
2354,264719.4756635567
1475,192030.62390876695
1761,809195.6984955199
842,138067.56662494203
2739,138778.20818495724
2509,150026.26437214421
1007,201273.7947393291
2610,178624.95028291683
1952,88955.5186166168
2719,153752.83140621372
2921,87687.33680359958
1966,136192.83104968665
292,106992.106642797
1204,183774.73654123908
1829,293746.60085988353
2419,184804.18661421436
391,144029.70755318867
798,104728.56020268105
481,200545.35975022422
193,194467.45182990498
555,123763.91206809269
899,64398.70524562543
2357,172463.57772521017
328,115374.53843609225
1356,118558.86630333409
1154,104636.79592828159
1730,173684.40430784435
2249,154843.08466167995
1119,283697.722935877
2856,135102.64240741145
1394,137595.9111143345
2587,126856.44464478522
61,309099.43522193923
2661,168559.74058237998
2711,133917.91767474075
1147,183678.6241945448
757,124278.08183535145
2623,101757.39910550554
2378,144532.62745584792
1413,140591.0674237502
1722,210356.550750499
1112,221808.66183606212
1623,191612.7975410625
1201,181299.05418339977
1513,116931.17287576811
957,210607.73125754384
1171,265832.0939900651
1145,189135.0035529324
2726,221248.20998530055
703,138909.73406123478
760,98003.82003332245
1964,144436.5494894929
2512,172330.49253660848
159,132212.44482865644
1281,160794.90530991176
468,182301.3408553532
290,120162.42069339869
665,100682.66636007567
1463,247348.77991713333
1792,221944.11456485957
923,146483.25895987274
500,257346.44336514577
1408,187649.76131312374
331,86558.76274618223
170,111235.12334367556
2192,100348.96895836378
2571,178385.42761698551
2314,174193.082129349
2647,95139.26339643224
422,478713.385318575
2457,387263.0356045768
1838,191519.36963895464
2805,249041.1937162951
1645,150484.56066157646
1711,289066.28963743744
2825,230581.31623035736
322,336251.6589059881
2103,251024.20635131738
342,119827.9432512638
600,119673.06599309007
488,173860.6834466332
1725,286862.2563138829
2246,293898.3248676565
2847,147470.36283471234
806,234687.42566843223
530,232481.67445471254
963,182253.89949086145
2678,94414.78688611824
171,95846.613539392
2401,479068.0508459173
805,220041.4894525382
2259,227890.7979355763
1748,185095.46981896792
1361,137403.52936373214
1677,113500.3590866048
1406,141070.3698576656
2322,251129.50963692262
688,147008.44099898756
143,139426.4984786372
804,208083.84260148028
1214,139672.05041405262
2828,140753.87153917074
1999,133780.72621869936
2467,190726.75939910568
2665,151413.25242683987
1538,438915.84009119455
398,120197.06940096208
2822,134315.7231638801
2157,140946.74149995804
1856,195314.46651841275
1269,105190.20398257133
2570,117663.82146155211
2320,232729.54354803055
1517,142666.4471791048
2304,137286.42041752217
1312,99572.68544676894
2012,136756.3942789537
506,249145.67137982548
2865,230004.16911016198
2367,102596.29544191185
554,82740.11405878169
238,129247.75553255263
1954,122098.30389463395
2488,128876.01143506102
2291,82679.80474436458
1969,113468.6922447734
2725,157313.03739693825
1482,148050.52079049026
2763,189650.11601220697
503,253513.18668052027
1584,244194.54559804467
1531,136304.14301825606
2210,164338.51409180678
459,319116.04551076016
556,129218.95226654358
1347,121351.34415249099
1290,83012.36379497711
1388,104429.75957891427
1571,174304.84485517346
2754,189210.30366569583
765,136368.30985129953
2494,129927.64920070626
2870,243056.2817721084
7,208810.87916337405
1114,237197.13203095872
2418,277376.2903425291
291,121893.11959224523
18,317682.9157373434
39,387098.17680789344
1001,239710.58878143685
2442,226039.3614319543
616,119907.92116213022
2680,77704.12093212355
1414,135738.58207473325
289,144188.4773034175
40,241765.71708120996
860,122221.9792541722
409,141069.49137157906
673,144914.06088005242
2427,169337.736063042
2036,203492.72468109993
2564,139874.3313787258
642,143347.40525692358
1008,175662.70342940371
1908,137344.26894910674
2519,205545.52067851095
1369,105048.4127787181
2855,169100.95088516298
712,107170.9080080557
1943,120142.147258731
1958,123783.41618153124
107,157889.36393424802
2295,186032.3351021322
704,95667.12443712534
676,132786.14099251648
259,181239.82345032762
93,283867.4299969653
106,243693.9181939473
2315,175699.35274227976
1050,115166.4107880689
1095,206699.63006589498
2709,146041.3251656065
758,129219.51642222644
1496,150520.3312923207
2370,123297.78997927037
2458,274538.40098030656
2733,123703.70377540686
161,275453.6806773896
726,150577.22176755063
845,199040.3391678452
947,249468.80653232808
2232,116599.06348805578
2563,151309.86935446275
2299,133207.4263024115
211,93755.4583044795
605,143086.27177164558
1478,189466.10239425802
2247,286298.2501454381
2274,195096.78038795898
2869,214591.74260345718
967,207977.95879643376
2656,121437.8249078387
667,194393.0814234461
1042,108957.38281805122
2023,145524.77955671205
2447,395533.0149872785
2055,120708.57959886012
2275,284594.495698017
2204,170135.2741088805
1563,281568.22535486217
483,200921.4847365938
796,126194.43271084002
1526,173152.6995601039
2042,122773.05563867869
442,329445.27698478545
1693,315817.49419714406
1468,212106.98799502495
1430,195726.28005568846
2605,124757.9974082355
1529,202672.8445977423
335,151390.62946161217
1287,122178.47558706847
31,103056.49976154306
1785,292848.1966933755
82,153418.18091761225
2620,111228.2921523591
252,178690.37876033355
721,60685.58987999145
2165,175100.76431437844
2316,186354.43120569107
775,130661.44112383269
1558,72089.36412481064
17,245519.65486990413
1022,209333.16909144298
925,126020.3452526923
438,262976.60820784606
1270,142218.537343212
1272,126722.78148817313
215,130166.27973818968
266,228611.82745265614
2402,267408.4020588614
1250,129614.91673855465
1984,122473.32678974773
1279,139124.82499973412
377,257435.78086456985
1252,121501.5134356097
2156,264922.6795335057
499,324307.535038382
1374,135342.68601679345
2898,261816.8610466714
401,115809.53897969676
2721,155657.98397965584
2078,228465.86582371095
2589,135440.67121741138
1946,237815.93484629542
1334,119308.06660311318
2781,225241.08024432897
431,400593.13326901075
576,197440.9664193196
1474,207722.7998783233
2254,149131.0812899168
2155,289824.8469332768
885,101272.76028818291
643,139668.60309633048
1944,123266.48404489084
480,193775.41851754044
2845,99031.16130676381
2387,314778.14758846804
2407,197855.56427333914
2527,160458.5246488514
2514,153358.30626833113
629,140758.36535698522
80,328623.40211993543
1876,142342.20573766617
1546,121679.97997739023
2518,171383.49494087326
2347,148596.94405386923
783,241598.35978701164
1322,61238.22701245363
194,87052.35998002904
1770,288198.28221918654
2143,125559.98521716798
1229,201077.83348007692
511,294580.1546701427
46,222133.0990249742
1348,133573.3898815435
2465,193966.30663389625
387,235352.468682154
873,212536.94518427877
1918,128660.2550679515
2764,234943.71928712644
2184,126858.63694462176
934,138995.05851884952
1920,132243.86483117382
2631,142135.91406369404
1768,699757.9153402551
2040,115581.37726348068
1749,213401.35857834498
834,261793.64600236007
1457,230364.02235271584
79,120141.53976774581
2302,127229.47398336555
1817,145262.28971755542
2755,231592.46803067008
359,177427.29169211673
2059,115071.60873598045
2092,244810.75717654914
2516,225153.71157193364
150,122579.196052119
1656,137814.87455390507
83,93896.33024599575
2411,179648.73500434853
795,81500.65822751042
2312,224920.22019612603
2917,92629.20658977283
1624,175004.53458257383
2215,328316.39327189064
1211,147726.7150437506
1485,150002.59441755642
1024,154870.21037415677
570,204260.51273499645
2874,138988.85759371935
700,121309.52914322997
2756,204886.6887742845
2022,176213.72042998153
583,235742.20440340476
2392,375382.1229531709
2424,175747.4537398343
212,106300.42684080741
736,127085.99755835453
1610,145985.67193034926
890,125337.9265863834
467,180856.83510100722
578,202192.02839607024
1747,196184.66162533985
1149,155345.98543583057
2758,253499.23120115642
857,139328.13845151686
2219,272447.6260480514
733,79322.13342523768
2909,109742.32414019523
1798,257599.5007841449
235,121354.30526010568
2366,127281.69613783846
1027,130682.34361829136
1195,137895.0853654066
1303,66274.86173174145
148,173762.1452405175
608,145976.5781622048
2515,193921.11794023798
821,253231.26999293212
2500,264899.33278780594
745,108354.42109774322
741,128024.59662457037
1611,109406.75038149605
2532,129667.15275114792
1081,225858.83741977837
1692,465927.9904630489
2520,173861.35655620918
276,106751.368039927
1992,116300.69007964678
663,73849.56511844862
418,128042.98139677859
1733,191153.82722478634
2359,150136.22437265137
253,177755.0267214059
1518,147906.8075465051
2035,125724.85577734256
2919,84901.07742133104
1540,279293.98910374445
2120,144728.51565782883
1674,168762.38348906513
256,156597.32176096886
2361,119722.00802778183
978,83509.20844674621
2280,147282.314873944
2095,252157.58335152612
1709,334190.9381927503
2801,251107.53216675614
1246,116809.3538125369
2373,100288.88917174705
1055,286319.7326593122
2017,118823.45401752026
1099,259132.8424992918
1344,88937.70299553074
835,174471.93104660456
1117,203538.5689936315
2043,90977.17069801941
2085,114178.82468609551
410,144740.24242809758
2650,118296.80333438663
2867,180462.70205114447
1668,117823.63754184124
1161,165729.48771282143
2122,160633.7756720479
2539,151844.83543553404
1047,139916.45846965633
1445,130337.5468662402
541,125067.68272947977
569,225827.6808806136
1276,114273.5525221573
918,141075.91197547296
326,165886.45063380466
1936,129320.28294450922
895,100649.09332369616
257,143581.9309182953
1241,172105.6058751264
1545,112371.71331760022
1189,171929.3323148036
270,143804.184450676
2066,153748.09651166445
693,112909.66051043791
1259,129605.58540052144
2916,154467.39403650898
2321,300437.7935962849
1977,91404.42958432232
1895,148162.56381291721
1240,158325.64452126567
85,147973.95298015748
1823,122289.09652620659
825,304301.5517064479
110,232160.9786035674
697,117669.29569778865
2297,124375.9559799229
1231,134650.55090052178
1355,129803.92639732997
968,345337.08565118583
584,213350.77191668304
1315,127370.09078406298
1606,143834.7740752045
206,98081.3231396431
1685,348556.3128694384
2016,133055.15465153358
869,201590.8146447668
2135,125923.0001654976
2346,174760.11500614602
2430,231853.71632272928
2198,75291.93399719728
2652,121515.31859244502
27,115440.02903491809
241,163677.33967353372
906,120368.21729553753
1506,109506.71427864052
2098,391343.62298964453
1435,219611.44713103885
2213,134220.32842941405
1274,138448.37494710574
743,49411.39071891261
1737,194145.7483057475
2797,280117.30400356575
2185,76174.58888690379
58,171907.66171516106
830,194934.42556433965
808,117696.42929126194
680,140912.49146611735
1153,109534.57147302155
1291,129150.47064523559
1818,138218.61897174755
2161,179542.91968262996
1883,122508.45536214334
350,390107.0867679069
2473,135306.13412214784
295,190975.81994961583
293,176022.04319416877
859,132238.00244013488
288,78847.19372184301
1578,142984.89065290857
102,195573.0314196071
2831,143019.64489316434
1030,148879.18982413944
2551,148855.8816957765
1286,142371.58098099855
958,311891.051855521
776,129252.79319652641
72,230735.53205516603
2263,247102.18763937557
1866,157040.2961793721
2876,84146.32583714055
2146,246566.18717198298
103,170280.83571078326
1500,137119.10176185897
492,187202.98936399276
167,144152.34710872057
2597,113973.29392297225
2685,104279.67134926812
1035,155401.8218928634
1220,81630.79002798659
2602,155342.18795612102
2159,201816.53592125443
695,126922.48418017913
1109,256521.09530319393
640,168190.09164313463
1652,145701.02120289346
2090,199009.06351599455
1188,170001.1808036503
2345,250737.91569649518
1059,442355.1988953205
2751,227479.07122237282
128,200517.79028608758
1523,197837.54385117296
2925,172852.56912792078
2145,301823.9334868062
1121,222998.0994858819
566,272976.5868811198
565,240322.77005507628
1331,129052.13590941748
2928,124142.85182364011
156,148124.54292511242
797,125372.40849494142
327,96501.32497575178
2859,137617.85556751373
1453,120692.01265466296
1762,355949.01047320676
1868,200141.94589970913
1760,176624.4432830537
1113,237632.45575745372
1812,190964.2769295442
117,156091.22501076234
1142,202990.75519542152
2342,424234.8008167156
927,141935.86834447578
2478,178864.34378145545
655,89478.27541942167
2064,121970.96829734971
369,268839.87267552933
2239,112702.78529019772
2732,211920.77447461
1653,158973.31623867052
959,208649.11713138357
2395,348621.39687070984
1412,105345.62588584358
271,221876.62387646284
1484,149241.817619363
1497,147307.0062045819
552,158271.4014667264
2,117471.9075268245
1855,315509.5572885001
4,261379.88023616566
2292,157367.79780040996
134,139908.40076580553
646,109208.49604620103
42,290824.4483464013
532,219516.05233470938
713,88676.04785297817
2561,133830.94936649728
2360,141463.30431757987
1333,116783.60167302522
1407,256810.0213180373
2892,317069.6543434214
574,219420.84749088224
1227,178188.22158291712
2591,205260.7481883826
1476,211206.19152081799
1125,252489.50601742262
1446,155468.60478764612
408,119791.9150705741
1101,283789.73277282243
2251,190793.29655675238
373,170424.93635674613
2554,130627.65629811132
2382,251485.06264601182
1985,88103.62816694523
519,241701.36925918597
1093,188952.602999666
864,250225.98580470352
2889,142878.4288896195
2308,176065.55472669197
986,228541.0052829552
1302,132317.43275877752
585,149278.23119470908
2708,153258.72819472637
147,132525.33495883745
1441,224907.18312781045
383,185129.03529610785
285,141966.82266909495
181,114206.53570146496
358,196119.8326149376
780,173931.2978179264
258,191786.33709220166
1865,212000.39835074745
692,118827.82549753398
2902,349464.94320445246
508,256933.53212598746
2638,137536.33800063276
36,143032.21451346978
611,166443.19926897882
2281,146214.32465264396
1678,113063.87521443046
1696,510526.4540190053
1557,66214.27272765296
2180,153470.82954822778
1726,209503.29464115243
951,144460.45248400394
267,217616.02981452446
2706,134655.6619971116
2221,258413.1000197143
1357,168780.14542542907
2901,337551.56421310804
347,176038.43392985777
2164,184035.26303907795
1586,317142.7442727874
360,153474.70377624614
1769,241499.5057554173
2617,146801.83257390527
1879,144821.6787120125
991,241638.95686800382
1535,117849.2860950458
1191,138153.77085739007
1579,211328.53754591855
1882,48041.53781285191
1510,127118.74550186149
2196,133236.02733203082
1845,180640.7809831692
2336,405517.6497145191
942,88275.86906946218
861,134634.89081878786
2555,119791.20988701453
1392,160993.8476922
2099,250099.57765759627
1543,123172.05188925104
948,268605.98360278306
1239,166167.17977913513
22,183548.61703376967
2796,238795.06322854894
2747,176993.97449938004
92,277149.1936723254
210,168009.04542984866
1858,203966.9462778013
2228,154036.47370143575
447,212863.46724672202
827,245392.37340487126
1649,203856.49497368664
682,134072.95406803378
2698,102024.02973035988
494,170254.79530434316
214,68306.08556120246
2441,236276.75588537846
2679,105631.19177361409
1336,118160.79783217347
465,171865.3429011726
1524,135076.9085765121
2543,113952.71976809262
631,143784.54072383392
2452,304680.39299497625
228,154238.81981679323
126,195847.96925533048
1092,233731.36365551536
1122,201454.37274275027
932,221104.9178115031
1980,91674.28888770209
2171,107765.61401298804
551,164116.4874809705
2768,165488.79393528082
2056,112871.77240848863
1159,359758.6202504652
2645,116828.70087434711
1174,175618.17658278556
2266,206998.82207445154
2462,454722.5184144881
1219,149039.8019525866
2922,167098.88919026533
118,143193.52247916302
474,165911.87213310777
2576,149249.07330512974
872,295391.13128831785
1077,205036.37210190407
1536,131261.51843381254
1150,117497.20093975807
2341,330672.2454661125
1931,148376.35725270014
2785,129504.28771469818
2538,130073.727556654
597,193479.32749253727
464,178775.90991252149
233,241333.8813713253
2169,129454.198727822
2123,171047.1642887651
1867,162957.27269934112
137,253319.47756682627
515,240041.14913635366
933,115248.53043430237
2784,164291.34743072474
972,163497.2411208024
599,156610.0918129225
2614,125284.77878648539
2582,140088.57163401216
1409,168608.40935388868
175,89768.70527281353
352,211519.594721246
976,94911.94192516334
2134,192632.35737220736
984,114787.89676557973
2396,374875.00119453797
1673,141719.27917576078
404,122912.34740576381
607,162319.4882216327
814,145211.34471782332
868,184927.962674179
2271,176620.51174654395
1633,225959.75564938464
337,153204.28121385747
2765,183197.10357349983
1746,248722.18708937586
368,327258.2428518939
2806,203543.9505884401
1662,187393.42549621177
1234,217671.58234985435
1373,124807.677510412
1672,114713.08532789936
1939,124714.90830006718
