Id,SalePrice
2658,161793.6821556629
2718,151669.90535867467
2414,210777.7602736921
1989,99227.24258564312
625,160403.3294919428
333,102163.90517746577
1327,110400.52436459811
858,154351.3073954022
95,196792.06888335317
1568,165652.75907954323
2482,160545.39212989833
1364,119976.89884045652
2584,143736.81981620367
818,252174.658773011
2673,121808.38092459511
2089,118328.32259134471
1297,122826.21125947694
790,115297.7943615024
2616,176517.54725968422
720,160176.2500679678
222,143068.95286949692
557,123000.31019981358
1148,187313.76484508888
2766,158267.50187821078
534,181679.99318275868
1452,130204.3630406092
630,108547.83451621338
2648,116976.95963023491
125,147622.6631179007
1904,70652.89188151316
1670,117723.96179936532
756,106054.42580361769
717,176769.4026286628
1032,158798.17949565913
852,203930.71826742418
1731,179697.82209430684
2639,114685.4711326861
2071,121577.42652431938
1267,112583.87356835708
1851,194699.53411550348
567,167725.53137072443
2439,201578.61290954737
1898,147895.28211079384
647,160039.07065359256
2256,196899.44134346544
979,99547.5212535528
1444,218366.7817275126
2485,117575.35744274168
157,124520.33378197755
88,121486.16574684046
2003,113306.49794688879
186,161330.5438496048
1425,242501.6784989251
2695,122086.32672818069
738,98904.20134849893
395,150380.522334429
1353,162867.75535490175
1878,138681.92436901605
390,171440.51539713176
1456,239478.65282929706
1103,333947.450319483
1387,126400.35425333123
2070,135996.24396069202
1199,190948.8463311466
2479,174663.84117163383
501,278913.15314076876
2362,102033.74764279016
1718,191163.71183357778
2188,92043.03670111486
1483,142388.9940598616
2557,84967.20599798452
437,379314.72676082334
2224,197945.4562024126
1628,165234.04229475374
397,142639.58818883923
587,195936.07864013631
971,146396.86446260774
2611,150372.97609207488
1887,111879.90835047036
2399,352999.9698693138
2148,191043.20649885453
304,117506.51784381544
1997,128335.20940406335
2817,109283.45253831713
1431,185265.04125396252
427,365141.5064352268
263,127208.13033333041
598,173154.3599356589
2895,222360.04971923318
687,153698.15894807872
1822,137893.7256486811
2191,124265.66753897785
179,122039.9372434163
1009,212311.00395295664
2010,128141.60478434339
1991,135433.86732235306
1411,159623.46400642308
1721,222999.882286657
1144,194578.23627748186
593,219246.53460485503
575,258873.26534110802
1249,162172.19030165707
1604,127840.90865407474
1064,519269.902088377
1923,147872.62871126167
1988,113222.50312620445
2325,170412.0780428372
114,215478.91674550858
2700,162015.54000724698
217,122369.78813265817
343,175077.90518244408
386,221129.97211509434
2005,124530.15187394856
2908,149506.7954217956
1814,236395.24718283367
2446,577031.5950051496
208,144833.2535466543
1679,115177.08414173753
822,317050.8414077438
6,196684.42426904602
1781,459820.2929430791
2397,268700.7748320477
2340,307720.63010338263
1618,181804.10373249155
2843,142578.35221494158
1061,390860.07283257804
2786,131591.86453254678
1935,138174.04744732566
1341,108139.83896408981
521,289342.8617824421
2136,131049.28948523116
996,194506.20760475507
227,139443.1713399205
135,169018.10856025896
1167,174294.08871835226
294,233286.43712686066
1776,197371.06464062966
540,169074.96840537962
1717,195326.0286869714
2303,138482.78437604886
116,185443.20942660907
127,127456.69317958469
1371,132165.2112385544
1014,129751.85771802503
1507,121711.85978863788
702,106670.6788693377
750,144573.8619892123
261,165473.68706746172
1559,72840.1219039268
577,226578.804594185
2812,200422.75305871517
2080,155803.4423897681
1368,106143.71565729381
2376,121770.1507020956
659,103060.68406242247
1235,141821.840553343
332,85119.32762601064
1917,145202.70404022478
2094,236671.7871494064
1460,262911.038982107
1471,206090.5323064401
1509,127966.19840900123
1922,138296.3063740951
433,581915.0440588942
460,237305.9953272941
1116,244663.83037801454
1137,174138.62507784495
53,165913.23077633444
2354,271274.51599899255
1475,194315.22544355475
1761,691300.8225121412
842,146694.84954535152
2739,138122.4466017273
2509,159778.10487801622
1007,192791.49380177987
2610,184980.20198197162
1952,86285.95858007795
2719,159435.01580102608
2921,94787.02859601557
1966,147910.90662118938
292,95355.53662210597
1204,184159.96729475982
1829,242295.17524471288
2419,186725.0059094653
391,148343.8942776074
798,111757.10191540649
481,192698.77289308066
193,196061.63448796276
555,118216.88057465901
899,54430.536535658866
2357,181977.79193152685
328,108660.08679097595
1356,109653.88898633322
1154,113905.28822881653
1730,168560.65852552376
2249,144148.69247169644
1119,284563.67877157097
2856,131993.8631251831
1394,143925.93404173493
2587,154304.8656226828
61,311795.8364499654
2661,154561.48817600423
2711,141358.99029596229
1147,177931.62377395201
757,114519.98773034912
2623,102287.67637373213
2378,138506.58823961584
1413,149349.94082135923
1722,212464.30121908055
1112,211047.17765555225
1623,199035.44129003154
1201,187900.51540950278
1513,112892.00809400127
957,1094521.559966215
1171,268542.79206500057
1145,196703.85772125516
2726,234720.30392074116
703,127382.49401913381
760,105367.85832393168
1964,148947.60124962957
2512,189781.01587200933
159,130726.05232362161
1281,160443.75847977598
468,173544.44859288388
290,119470.37143529752
665,99369.74008236553
1463,264191.54050885077
1792,222133.65138296725
923,154169.39045672692
500,251942.4763035598
1408,185440.36879048703
331,85101.19908685678
170,108754.48605817716
2192,95777.82914373207
2571,281124.5295209626
2314,179692.2092700167
2647,93421.92235262475
422,412149.32587337226
2457,410042.4804244863
1838,195036.96318666582
2805,254399.50362029477
1645,161284.49602959052
1711,281073.49394213967
2825,227065.5497655612
322,303162.8559935226
2103,256879.12640545613
342,131588.98277170223
600,128357.0425068556
488,175966.8251720371
1725,291651.44257099373
2246,290152.69422434014
2847,152163.31095176673
806,240004.3018611525
530,233934.7688039641
963,188149.04815305548
2678,88839.46146291333
171,112140.33196449075
2401,458934.92412436986
805,214479.30773156136
2259,225463.25716322212
1748,174830.61143621762
1361,145905.28182257415
1677,122831.69021417633
1406,131259.121708995
2322,240454.32380636307
688,153232.21619326895
143,148677.30238387967
804,198416.24300482715
1214,148386.72868610392
2828,147360.91486868812
1999,124330.85613606748
2467,208445.04557576907
2665,140107.07571357564
1538,400876.34590030106
398,125289.42983845658
2822,133164.9124066099
2157,141383.95747250543
1856,184085.64342402332
1269,103894.1359465435
2570,125504.94894731244
2320,231313.76807324702
1517,138125.641491546
2304,155985.39523358858
1312,95484.01535360489
2012,129704.1860574074
506,258392.97621015905
2865,260848.36371154754
2367,112201.15970227706
554,85093.13024306533
238,133513.03174584027
1954,125668.59405983338
2488,129536.12749630767
2291,78991.12215006759
1969,110152.22223500747
2725,167360.8283395081
1482,142388.9940598616
2763,191500.74832104868
503,239112.13356241796
1584,233557.03969693743
1531,135423.00977233236
2210,167464.50769507937
459,327580.38609565515
556,136285.17326070849
1347,124646.15047353746
1290,81564.90163213892
1388,105189.15093484336
1571,819268.6353576346
2754,192132.41771518486
765,123930.72148158679
2494,139655.23078130392
2870,256270.40224702362
7,230882.87785352528
1114,240132.23863902516
2418,270398.8044995615
291,159923.57477907906
18,416471.90722852794
39,367432.62016463064
1001,250443.63362528163
2442,220346.94655739283
616,108451.89143651366
2680,77873.01831843362
1414,133011.14533192574
289,142091.65194293845
40,268102.15062469244
860,128006.72269129858
409,144788.8591510068
673,159612.23526153012
2427,171798.30315792246
2036,198802.81482453752
2564,147802.9621044455
642,131795.03507344675
1008,190503.703916917
1908,127598.32830980684
2519,181675.2802460396
1369,97104.43057704646
2855,179350.60022553508
712,106631.44692833917
1943,120292.92427159245
1958,126017.43678981125
107,157979.48742636354
2295,214570.49298289852
704,96209.28832138724
676,145468.1427209151
259,189553.05907323514
93,289138.60131023783
106,243900.0095359653
2315,179306.40875654446
1050,117326.0863075058
1095,194618.47571439605
2709,143807.92473408932
758,146002.11636983068
1496,154619.64795245678
2370,129931.45410892021
2458,265574.9504938144
2733,119999.34927819806
161,251998.88197236307
726,136277.05999481885
845,208575.19825899036
947,250934.5940327285
2232,129728.8693723406
2563,151379.07435043674
2299,135639.09996963677
211,86443.91104736256
605,140850.15729834666
1478,194621.05616007265
2247,280817.0354973713
2274,191022.7973218331
2869,223055.3671224149
967,210341.22589651114
2656,127234.13440879386
667,174904.70297968658
1042,118237.86552878274
2023,148980.9806023778
2447,376305.2840216858
2055,123250.81227482339
2275,272314.1795249697
2204,167955.0883968914
1563,270146.5276636989
483,208053.3610422473
796,123783.11534717178
1526,179351.90154974253
2042,98039.31275388597
442,350482.74187091534
1693,310151.9983370109
1468,214820.2743295552
1430,172396.6890292744
2605,144614.5038680657
1529,186163.95816773182
335,169570.55517133666
1287,122405.16535996067
31,109655.07995210333
1785,279480.3770124243
82,158464.97430515196
2620,105317.24848151194
252,190575.59603129592
721,50804.16041557584
2165,175150.96485188114
2316,184054.80149326372
775,128870.91570857781
1558,70982.1849455818
17,212193.58310177183
1022,224305.68487582367
925,129602.49337668651
438,270572.2719863034
1270,150296.19893463823
1272,131482.27781767742
215,112542.12162736483
266,226028.5918292608
2402,271046.685302732
1250,139101.22791579153
1984,120153.68300300314
1279,145553.4714157696
377,276144.8915462865
1252,122491.46234941887
2156,265086.52820474014
499,309076.8650350051
1374,126387.79186110121
2898,278733.4626371155
401,124724.46412871311
2721,149595.55725915157
2078,211552.02642015883
2589,130087.45213144914
1946,240399.9486295875
1334,117510.10041104551
2781,217708.34270731997
431,439039.7813196523
576,189309.82322403239
1474,212807.09786404765
2254,168071.15606794402
2155,291834.907063899
885,94119.98546601027
643,142981.01501894786
1944,128667.72478716925
480,186063.449419512
2845,103915.69821343139
2387,312427.40468418074
2407,199589.79684933013
2527,164372.1167276784
2514,160729.0960098212
629,142758.93571255665
80,202302.43362536232
1876,139784.4297871053
1546,124324.51844780095
2518,168668.68567909984
2347,162259.8872019119
783,235524.89774251578
1322,44074.656700226675
194,89987.61504818498
1770,284019.1330530291
2143,128021.8379644312
1229,198450.61008494033
511,299332.0832391842
46,220734.6883145221
1348,124177.15686990862
2465,206393.371217184
387,236606.02162738316
873,211472.3338137865
1918,130048.44771639118
2764,233333.23715945738
2184,120167.15066948024
934,138901.03763031552
1920,137975.80016920113
2631,136741.4238026227
1768,674648.3625749578
2040,125894.23309879522
1749,208020.0845839614
834,233521.15525361514
1457,230112.27299389502
79,128489.30685378147
2302,133057.3556638223
1817,143708.928954
2755,238144.45119442177
359,174974.1345355508
2059,115596.65211512557
2092,230169.06907726606
2516,226553.22333601484
150,133461.24282444286
1656,142379.23524284596
83,90988.29222384474
2411,170734.17221251194
795,70966.57432674592
2312,231976.43709463405
2917,92215.72303621164
1624,183650.4522793898
2215,344420.3283187005
1211,153760.79989386798
1485,142230.16674938687
1024,168439.8463573009
570,195480.21669934166
2874,137370.6032948683
700,133121.07446947024
2756,210412.21245061836
2022,193474.10875689212
583,211732.97960501374
2392,356965.68789097277
2424,170312.8699762645
212,112829.82624429488
736,122350.83755546848
1610,143523.15750299947
890,125143.88404317552
467,171955.07181043617
578,205312.7115607228
1747,188565.26243450821
1149,163001.57771496117
2758,267439.303447943
857,140830.11042651572
2219,284110.8552368723
733,80801.20539470065
2909,112081.28211969326
1798,273593.8413841873
235,112706.2393585197
2366,133586.286811119
1027,142619.59577453384
1195,133532.0522105369
1303,60485.81080115685
148,165577.35664423121
608,148741.61834271206
2515,189631.8620329372
821,246115.91193583532
2500,250287.08253585937
745,106522.72648111684
741,131383.98479030156
1611,93541.01265676208
2532,126336.75690634016
1081,214686.1052529871
1692,478187.38325007027
2520,168057.91081052637
276,107406.08763491665
1992,127769.6308990334
663,69681.11975461483
418,137721.37805643407
1733,186615.21860956374
2359,156923.09886628125
253,185423.33973815435
1518,203377.32576070784
2035,127806.34506529487
2919,88237.43572526354
1540,262376.5244158749
2120,158250.09466654024
1674,156850.28984298118
256,151253.28832807604
2361,123613.08481152501
978,79380.84006942018
2280,136971.62552315713
2095,216866.88481877395
1709,340803.17911237775
2801,254976.0588180331
1246,112467.24457260134
2373,106550.06851201672
1055,307536.2048195545
2017,119600.97247541213
1099,237076.48124388998
1344,91589.89985324653
835,188986.42786463886
1117,211870.67713238954
2043,90784.14007495061
2085,124291.93244929679
410,150495.29962579836
2650,120702.92242340716
2867,187763.05250290345
1668,123632.80829399847
1161,176395.30804847108
2122,168149.7732377947
2539,153832.34148060792
1047,144239.51257269797
1445,129046.40904737248
541,135668.02137422236
569,213993.32597847428
1276,113066.91879103277
918,152670.93550753145
326,166149.5924339426
1936,130629.78084738326
895,98962.61016531211
257,151783.94091919687
1241,174678.55727492576
1545,117893.55525396993
1189,174278.13097949786
270,141882.32107683335
2066,162982.8929400862
693,109199.65977362581
1259,113758.13940631913
2916,146855.57655578933
2321,283152.0949930614
1977,101491.60955977712
1895,147427.41956727393
1240,155394.06787969105
85,151317.69177244627
1823,115275.83769550822
825,285175.9948421906
110,229217.86133786396
697,120475.57264698578
2297,125636.45600485678
1231,137143.0996873494
1355,127133.04187250783
968,333269.4039132728
584,211771.81529270337
1315,125317.05287016723
1606,150871.12215658007
206,99249.62307496944
1685,348909.41622730275
2016,127515.093280008
869,208718.89340536293
2135,128785.25583533893
2346,185065.96359687718
2430,227015.49500856778
2198,80008.65830989325
2652,124625.40195533719
27,115040.66874977724
241,162498.65412167314
906,112110.21768530222
1506,109816.92442852908
2098,403260.4255115101
1435,216750.78986842814
2213,129956.05945643359
1274,137821.54450636142
743,54982.45199136008
1737,191555.58668225838
2797,274706.601544622
2185,66783.08091432384
58,171677.98088162192
830,198733.63258784785
808,119407.57631637919
680,150202.73426039083
1153,114750.93881511327
1291,117947.8513676962
1818,129710.32422356466
2161,189629.19148840147
1883,118829.49121962204
350,397313.9646061763
2473,154600.01915840525
295,209997.27221953255
293,200709.06972319714
859,134402.1578017397
288,72744.4367797528
1578,125997.39920822895
102,179419.8863402475
2831,142514.47487566696
1030,158545.80750077602
2551,154874.6915776001
1286,133587.59466116375
958,311899.4017545897
776,136107.29193042734
72,227840.17258986592
2263,241787.66294158922
1866,149708.31061863803
2876,78114.90392852588
2146,248396.9306257765
103,181197.3036258613
1500,140401.01933132304
492,190903.3130024805
167,147378.25463309124
2597,116999.42553524676
2685,108100.67144498786
1035,158461.10948557666
1220,78179.80522452202
2602,152231.1297828719
2159,200358.43705231592
695,114662.6199000201
1109,246542.00620603957
640,170976.4450164538
1652,154906.62299563698
2090,162649.65226620805
1188,183577.2574610473
2345,269754.7226051127
1059,443309.9569645364
2751,241309.9784095436
128,215746.8670230386
1523,148667.82447904503
2925,185586.87247897114
2145,330347.7357118708
1121,231311.07923754197
566,265835.8584938723
565,228301.43814817214
1331,126390.83764966433
2928,132010.58588322543
156,143457.01697540682
797,124875.11560606408
327,96920.95229169987
2859,153259.80177143763
1453,127528.02108932196
1762,354456.85054198094
1868,196045.7638565382
1760,177085.82659428718
1113,241040.3003934266
1812,197662.4917400754
117,167316.22830749545
1142,211196.20444231495
2342,389203.1134792355
927,147619.0010085572
2478,191022.3430009378
655,85757.0161345795
2064,122590.69121828163
369,258785.50483116804
2239,118989.74164990624
2732,198292.57975026278
1653,170185.9224576064
959,216222.90392972593
2395,349576.8029513156
1412,118044.37621217125
271,235091.63120279438
1484,141895.3696193117
1497,147781.4665127526
552,165377.89127055276
2,118236.08347289739
1855,300134.89166619367
4,263832.17741032975
2292,152760.13866147006
134,142436.60872022365
646,108236.36809902628
42,275567.5152410665
532,232414.78033782146
713,99424.54604083239
2561,134361.00748564064
2360,132519.2518931554
1333,116085.52292594528
1407,284235.29532881017
2892,305482.6101163453
574,218448.91727342788
1227,178111.88693795557
2591,211640.94134374938
1476,212423.06921792275
1125,248145.2483990502
1446,149336.01967922004
408,126852.39964982489
1101,289657.7092970338
2251,181831.94928256187
373,192582.6242113941
2554,132951.99741253306
2382,266356.14890080906
1985,87470.61839683924
519,247682.67265461513
1093,186192.3866410788
864,244916.10036167156
2889,151140.41086767305
2308,179670.40737937228
986,164995.76801307098
1302,138746.18465965366
585,165898.66055043024
2708,154464.6857735058
147,138951.48187097497
1441,223116.43596447332
383,182869.58415244526
285,141795.08175220457
181,110195.74691664094
358,188904.12987228166
780,160376.36415815644
258,200449.0417018008
1865,237162.76170147737
692,116455.63232701646
2902,343235.5539437713
508,256108.14546174073
2638,147688.40250291355
36,142980.14499401225
611,171321.58930942937
2281,139096.34319174674
1678,116597.87225996183
1696,514808.7137851722
1557,71374.19635747344
2180,160775.02205449285
1726,220712.50038840683
951,145171.0388694321
267,219342.04876091398
2706,136566.27549202123
2221,257313.63667281295
1357,174080.87431779754
2901,320873.85388045333
347,179865.9317232017
2164,193031.3046814889
1586,305513.26322688424
360,151691.91353567757
1769,232295.76411345988
2617,151714.32007221752
1879,132376.95887968934
991,247153.65991435506
1535,122807.01843105
1191,140179.7898952743
1579,208926.805324828
1882,152071.3526781541
1510,127189.44239955848
2196,170790.75144242338
1845,176992.58649782545
2336,370302.3501334777
942,90559.06846407171
861,134045.53601651566
2555,117762.7602377323
1392,147454.32586624948
2099,255055.19660721123
1543,123525.09983837721
948,284606.55825469317
1239,174093.27598280885
22,174871.58543233815
2796,249102.12792901174
2747,177927.7475624695
92,273735.89053399506
210,159629.83257854744
1858,190326.29058590182
2228,168170.75739837188
447,225011.15026979469
827,246387.27054297162
1649,213391.00781430095
682,150216.42605581076
2698,115363.3548488134
494,166899.27538606036
214,59908.1646849697
2441,254514.9030802199
2679,110315.78651760904
1336,107875.2724166975
465,169637.81912499893
1524,144563.8727329958
2543,111349.60767541584
631,146932.39739607694
2452,288972.46137317887
228,155440.3354262649
126,233611.07320993594
1092,224643.71175407822
1122,206666.8506987863
932,230133.01432853233
1980,92744.62459603748
2171,102261.08814317897
551,172043.5092816994
2768,170234.16672599374
2056,114298.70068612782
1159,344906.45109527645
2645,116688.3789887356
1174,178555.64237118355
2266,211136.14660861666
2462,453619.08282211004
1219,148663.9482916849
2922,174416.3781673493
118,141196.77866944167
474,163756.8304008081
2576,157451.56612030117
872,282944.9255442231
1077,213749.0621523096
1536,140177.41927112782
1150,114848.31074173376
2341,341257.56501003384
1931,156139.07288081525
2785,132102.87627056098
2538,131280.70084445807
597,210497.17724650967
464,193546.36854354516
233,239239.72089618785
2169,122522.71801448464
2123,175424.15225633935
1867,168795.02015879215
137,275285.2350495659
515,258043.39473864384
933,116633.92871718026
2784,167189.78240627152
972,162825.06837494692
599,157525.2382849023
2614,126634.45739195246
2582,134426.33802060646
1409,157901.91282301937
175,91821.92052689526
352,231032.13419925785
976,94139.51696532154
2134,193839.9518489083
984,123005.48605266932
2396,350314.32817236317
1673,141864.92059868493
404,136299.59599684554
607,149187.56701616722
814,131609.93869682358
868,193653.56252594574
2271,176771.81143396976
1633,230242.62706760544
337,139441.16200990928
2765,191279.2690657562
1746,245282.04076931538
368,322759.0906643709
2806,212317.74451321963
1662,187446.34221523814
1234,219768.46704197695
1373,122476.40382429751
1672,124716.63098899614
1939,118841.23520357319
