Id,SalePrice
2658,151789.43347182544
2718,156169.63628969344
2414,219828.67789729062
1989,101292.25556818333
625,168156.05070408416
333,97540.51136022768
1327,107263.5467972513
858,154189.11368186542
95,183959.71379073386
1568,162084.898830527
2482,152563.34835441824
1364,124144.34128807219
2584,140095.4426690913
818,281510.6043111089
2673,130090.4365796087
2089,139067.24225458506
1297,148701.8481112828
790,112810.04041269931
2616,181163.07949243693
720,185447.1241346739
222,149695.34630887635
557,135778.35944266725
1148,184180.0920686287
2766,163939.97916463425
534,183774.9268119064
1452,123634.45844237028
630,118870.51976761998
2648,112071.31136682203
125,153465.4908871226
1904,72883.99831596838
1670,113081.00622564512
756,81085.60620266356
717,229810.55765761575
1032,150587.96618520914
852,205202.46208396423
1731,174694.1561906473
2639,112253.48870901647
2071,105664.98468144567
1267,127790.28617274875
1851,191529.40627527973
567,170016.6049413975
2439,206901.1961687049
1898,142788.80626457694
647,157282.50619782822
2256,217108.37598279276
979,96292.96909556577
1444,217789.1393696525
2485,119592.32068334836
157,128016.89145075997
88,126223.14865391876
2003,110647.23493859789
186,209022.13472283658
1425,239624.97744279917
2695,128033.29374086818
738,109635.50931652702
395,153140.22860363487
1353,162733.7435122739
1878,137061.39097615468
390,153546.36016230102
1456,238418.43371679823
1103,323217.6172998587
1387,125610.2600951502
2070,144468.44200257285
1199,167988.696738554
2479,167101.7122714777
501,315540.69372554595
2362,99014.47202376388
1718,197284.8311438912
2188,100341.2105384905
1483,153353.97581599254
2557,91773.84960385368
437,396809.94110901037
2224,160910.60924920242
1628,166859.04456530258
397,143308.95204593794
587,189409.08002911892
971,136705.04680220212
2611,143964.9066199796
1887,104974.41123987378
2399,365442.22308168776
2148,194114.3942545658
304,109537.22976803905
1997,117278.58868090538
2817,112580.88175028644
1431,206880.6771039116
427,335039.26767567213
263,125216.9318534243
598,167721.76219527717
2895,225493.47805477786
687,117047.14440908893
1822,136277.68531066366
2191,107343.78193859207
179,118594.52539047995
1009,209038.3578678255
2010,131426.4271684994
1991,128994.12970792217
1411,151255.89414015473
1721,216368.91020126213
1144,187452.08301611248
593,213792.8744933568
575,300688.1392542383
1249,144783.66825810255
1604,125051.49651886373
1064,654701.9390277605
1923,153640.46943320413
1988,109518.35667922815
2325,169030.3303878438
114,201693.89804552004
2700,158229.31756796775
217,123113.8874074655
343,169592.77678611272
386,215122.68344121307
2005,126419.97281274835
2908,140043.50681987483
1814,235748.63810406555
2446,674260.3973454299
208,138736.1659460889
1679,111536.8884524587
822,331359.0994571631
6,188500.57384008556
1781,425934.94960916904
2397,272224.1422080475
2340,313326.93609089055
1618,180662.3959289425
2843,89859.82535330315
1061,376393.0182136062
2786,130510.93641204931
1935,136125.62507850383
1341,116353.9463670226
521,280479.930517419
2136,133921.63597624967
996,196092.37849590692
227,133353.0068238522
135,169932.12968578193
1167,170213.66772881386
294,226877.655479659
1776,202242.79642072733
540,162179.1682549674
1717,199274.95365245143
2303,137323.6751797311
116,172306.32791614006
127,138723.23523323372
1371,135136.67693919945
1014,117826.12084659566
1507,115238.64428296806
702,119500.5065409877
750,137415.30931248545
261,154511.77093207714
1559,74861.29188192444
577,221534.20272893927
2812,193847.3276561204
2080,150052.29873208032
1368,109297.73140584372
2376,127240.25091909086
659,107753.91656662275
1235,141152.55268148496
332,85369.67336721165
1917,142457.59703476646
2094,257193.35020023797
1460,246617.74313847715
1471,216008.42190070028
1509,124881.30538860188
1922,136559.73279762483
433,691387.7420137922
460,233771.78680889762
1116,237585.6885963131
1137,158799.6477358382
53,171096.17693181479
2354,258424.91865099233
1475,192260.83077827803
1761,864810.0114766076
842,141567.86282825816
2739,141449.5011263511
2509,151071.96407403104
1007,201227.7932033428
2610,178391.10523364108
1952,87154.03951570604
2719,155117.92198539706
2921,89361.88480506476
1966,137094.58544782267
292,104169.98914622457
1204,184212.87808037974
1829,287872.69512763387
2419,184992.8173485317
391,144618.7868625466
798,104221.15612220082
481,200865.6599384198
193,193266.25721634604
555,125939.28261740446
899,66554.0318015783
2357,171603.93755011333
328,115556.38353601476
1356,117347.30887287785
1154,105360.34954050655
1730,174229.80226438204
2249,154652.3731566154
1119,282590.6936354264
2856,134787.22662779386
1394,136279.84840515832
2587,125508.29733069289
61,313077.190042838
2661,173319.50847408734
2711,132164.07903498586
1147,185583.7727653168
757,127659.38521901108
2623,101547.6510889731
2378,144183.8168736857
1413,138548.89555471393
1722,211305.727075074
1112,223407.75169758633
1623,189252.50878914943
1201,181392.09017490968
1513,119312.68301246237
957,285616.36774561816
1171,262865.74656707497
1145,188107.6727255949
2726,219536.6839517673
703,140180.52892323965
760,93172.77861964537
1964,144342.1351882355
2512,173164.38311247536
159,135802.8275026712
1281,162083.94676693602
468,184051.71228511425
290,119534.48110767094
665,99942.30719178128
1463,247814.67304149337
1792,220320.32031766349
923,146484.80978282558
500,257671.85558585092
1408,172738.93442757052
331,88649.14457911608
170,114187.2910697265
2192,102765.5650142733
2571,199614.3742673063
2314,173281.79269402806
2647,94573.46707573145
422,480341.4210815815
2457,390618.9403260437
1838,194901.6280130422
2805,247576.15139072275
1645,153418.22100503003
1711,286116.0451168937
2825,228617.11880134343
322,344538.7959169625
2103,252205.74179493426
342,118509.67643586668
600,119728.47884526514
488,174032.00236538047
1725,284913.84108854923
2246,288020.8063209657
2847,147561.03914840627
806,232469.65544816927
530,231101.72746239425
963,184752.94268062554
2678,90839.44916406584
171,98782.7536242388
2401,475393.3949018698
805,220591.35777705704
2259,227863.37158705835
1748,186097.13257604564
1361,138720.57258097295
1677,113287.63668176591
1406,140697.58785930803
2322,252144.78301843928
688,147750.00782033315
143,139670.46066322623
804,208226.4539688892
1214,138534.97600980938
2828,143258.23644177776
1999,134879.08881190885
2467,193457.1022779701
2665,149219.17196151582
1538,446601.45141003095
398,122968.74755333239
2822,134255.5307341584
2157,143885.04080537468
1856,198387.08422981427
1269,104858.34067725512
2570,119504.38712606876
2320,233663.3484429053
1517,143143.43303023317
2304,137452.94423228197
1312,100045.75630679984
2012,132561.99914042876
506,249490.84465915852
2865,233676.88843538883
2367,103142.05323703912
554,81385.76048016142
238,128805.13572686765
1954,123253.49533104115
2488,128495.71683628828
2291,85207.22841494117
1969,113043.94570207642
2725,152048.3830006333
1482,151552.8063259264
2763,190759.2635744372
503,252111.99192310165
1584,245841.23457090915
1531,135378.50186080337
2210,160640.75827333258
459,318041.55453601695
556,130936.55343509643
1347,121129.79841394826
1290,82745.58205963555
1388,104980.42562014177
1571,227104.53301056783
2754,193417.80519610038
765,138272.4253115248
2494,131085.6793356018
2870,244219.15318516473
7,212726.54563680477
1114,239162.64173113302
2418,274952.9883550407
291,120292.11749220044
18,307845.4469581787
39,384870.5108973299
1001,238327.67911617452
2442,223857.85960626442
616,121755.6418539884
2680,78516.69370966384
1414,131916.40889595242
289,144145.7425884413
40,244222.93887213132
860,122365.57794240538
409,142060.31322953769
673,143679.66150308258
2427,171237.10649602805
2036,202370.13124687894
2564,141802.8942785846
642,143707.20417656677
1008,175982.95715775582
1908,136914.86184315468
2519,205583.32401865526
1369,104379.09995851407
2855,170332.55925991017
712,103939.29194972491
1943,116005.58331364821
1958,124825.75535836331
107,159445.08038162076
2295,185427.32845590007
704,95070.34515460275
676,130108.95837157368
259,180266.95790741537
93,284876.73159871204
106,243449.37247576608
2315,175217.69343573658
1050,116363.52038595457
1095,207138.04784421308
2709,146832.30534371236
758,128436.99325134644
1496,149267.54570841277
2370,122877.30010890622
2458,271392.85908650473
2733,124159.73688822145
161,280552.4456125987
726,151590.64595570296
845,201098.14064470417
947,246837.80601564725
2232,112739.95859910021
2563,154405.3429660395
2299,132552.34291832102
211,93092.94556784474
605,143057.64723441936
1478,192175.97812252791
2247,281699.6780453834
2274,198496.5662242771
2869,217065.7131332202
967,207480.69547767457
2656,122789.86836752533
667,196947.49147241793
1042,110293.37034065627
2023,144838.31455040816
2447,397093.3210722817
2055,121440.36680937013
2275,286999.84885458613
2204,170869.18687873145
1563,279476.8745068628
483,201044.31407587937
796,128300.2945191623
1526,170960.6304890453
2042,121275.33710920931
442,333912.7586244879
1693,313157.86546845606
1468,211555.5906908863
1430,193837.1442598423
2605,122084.23052466461
1529,202737.31699207783
335,152415.26822235875
1287,123426.11940248184
31,104515.18693471004
1785,296768.8408102018
82,154818.19832131968
2620,113805.89396801032
252,181567.27177063725
721,62927.25531918637
2165,176522.52002265773
2316,185955.64768825244
775,132398.17490996065
1558,71396.83587237229
17,245999.49563539497
1022,209375.19039153584
925,127977.87597610198
438,266446.7648256992
1270,142464.83766169648
1272,126982.03529860167
215,128503.26073240582
266,229780.35449474517
2402,266583.59844643273
1250,131164.31865479876
1984,121774.76588184845
1279,138199.4838570593
377,259201.1212562251
1252,121815.40924225649
2156,262046.14848042795
499,322106.54812531744
1374,135155.7789566854
2898,256934.95600702608
401,118733.95409782739
2721,151846.89210827887
2078,224928.22612558288
2589,135264.70627367529
1946,233445.3723305732
1334,121236.24252182478
2781,227032.84455368697
431,405380.54988653347
576,197683.97731242725
1474,206953.5225701603
2254,144895.63624394912
2155,289324.5240346209
885,101995.1506577774
643,140969.47336338385
1944,123415.85101176749
480,194233.84953631007
2845,99944.85504434041
2387,317480.9234870658
2407,196987.65543314558
2527,162762.73122512148
2514,155604.7899458917
629,141536.68585604482
80,325229.27841403265
1876,143569.81866233723
1546,121716.31646007401
2518,171704.4418479185
2347,150014.30780872214
783,236559.68850996043
1322,61204.77021352953
194,87022.46888534406
1770,288167.9168975294
2143,125342.39358165523
1229,195543.24287885317
511,295484.6728998304
46,221844.97442752676
1348,135229.65636241165
2465,194242.5063245781
387,232773.1845913695
873,213316.04069731885
1918,131020.93987920243
2764,234166.29020044825
2184,125060.81316420386
934,139260.48736671437
1920,131327.6147130383
2631,142503.14557858996
1768,771815.5932068061
2040,112573.34356532276
1749,212621.81286813633
834,262529.5150712041
1457,229316.37616294832
79,122059.12421870447
2302,127885.63929815871
1817,146954.94254896583
2755,232842.14770765536
359,178141.6535334014
2059,115628.7073413253
2092,246502.11534408352
2516,223928.0395803788
150,123042.879228977
1656,140260.2348209571
83,91420.97250858729
2411,180470.13498009258
795,81988.6330945823
2312,223391.23487821312
2917,92309.61184080102
1624,174295.2587925467
2215,326980.28365382156
1211,149211.34907214515
1485,152403.45686764922
1024,155904.65333324423
570,204519.0478299709
2874,136641.1070870523
700,122936.93127653714
2756,205332.96923747286
2022,178326.3939066636
583,238616.5599244363
2392,376046.53975792864
2424,176363.46971133864
212,105392.95698107165
736,128772.85731295914
1610,147125.55705139932
890,126627.66889408116
467,182246.6575628922
578,199592.95088861062
1747,198594.72064630696
1149,156320.89205611192
2758,249856.81394877745
857,140178.91743799066
2219,270954.5394282082
733,80913.62861003864
2909,110292.53041700392
1798,260032.82849225824
235,119047.52737993827
2366,127494.64516319205
1027,131166.77010521002
1195,136813.74777348363
1303,68723.63004878517
148,176895.08237622908
608,148680.22750885485
2515,194233.120590107
821,259540.09530573396
2500,263156.7403826778
745,108924.38274655501
741,127015.59346005652
1611,107403.9575199389
2532,128538.70907426163
1081,227293.744002093
1692,475147.124447267
2520,174267.86443271197
276,106791.58065804247
1992,117568.88338355786
663,76858.69811022517
418,129129.34976824162
1733,190535.10630871681
2359,150269.3452774263
253,181116.85103218217
1518,153734.03083978134
2035,123951.78901844105
2919,85737.3348236832
1540,267161.4286888603
2120,146746.1993550809
1674,171348.53957272662
256,157241.90974766106
2361,121817.69734739272
978,85088.13491470827
2280,146618.19076868697
2095,251114.72314072854
1709,336881.06239704
2801,249851.872927481
1246,116883.7934902521
2373,101425.12444626121
1055,286462.57329153625
2017,117069.65220532117
1099,255530.06499255754
1344,91252.67493276087
835,172828.55022188014
1117,205314.62910350235
2043,90759.58005423896
2085,115662.40616977216
410,144845.5381322625
2650,116951.12868088573
2867,183606.38503798124
1668,119282.10490743376
1161,168837.11652697157
2122,164139.50916299006
2539,151959.09264114525
1047,140164.597342541
1445,130696.93289065438
541,125960.73648552687
569,223737.84640553623
1276,114023.86227941014
918,143907.68046840618
326,168198.84048144027
1936,128499.48624991554
895,102946.06761289731
257,147010.98410752468
1241,177795.02998591654
1545,112889.58574606144
1189,172797.2114357577
270,147072.1244864628
2066,152405.78789936236
693,112811.41347654015
1259,124992.30303397647
2916,152043.82318003176
2321,301411.8719227351
1977,92300.39236884663
1895,148844.49473928625
1240,156041.5568971533
85,143937.21087146288
1823,122127.52990752556
825,302780.2130920254
110,233161.64003823663
697,116832.52395745096
2297,124643.21239613858
1231,134901.23568472813
1355,128962.11990167502
968,347770.9903505468
584,213437.087250052
1315,122895.69161638345
1606,147607.1285540272
206,97766.56692250578
1685,349125.6208743069
2016,135395.8580983706
869,201120.1989808379
2135,125770.16738264356
2346,176140.18676059853
2430,231336.91824400815
2198,75638.56587776654
2652,121825.65787006976
27,117671.33459750068
241,166460.22865831456
906,120544.03704251147
1506,111154.23968243613
2098,401950.37428374344
1435,219693.9123651361
2213,135487.89509125103
1274,138290.4093456172
743,52517.71655377085
1737,195362.0787064735
2797,277538.88256402785
2185,77945.32130070141
58,171215.83956500603
830,197624.91972804876
808,118481.35873273207
680,141914.34040917046
1153,111567.82212342204
1291,129910.46829398116
1818,139034.7220637735
2161,180738.83445998727
1883,122735.27268819626
350,385106.95289634116
2473,135038.02472548376
295,192720.7704099199
293,174740.41007088724
859,133607.13919613636
288,78799.24090735601
1578,139417.2404433856
102,195448.67001566212
2831,143299.16241031492
1030,148824.65183737164
2551,150715.09240054328
1286,138646.64598630505
958,315085.19545432256
776,131646.07277665942
72,231633.7823621655
2263,248557.9951062514
1866,154940.482851206
2876,82614.77123816227
2146,243720.91663539797
103,171678.55216587248
1500,141029.25487285253
492,187392.679742284
167,145510.61903477562
2597,115510.85845997305
2685,102992.22139202093
1035,157385.72516029258
1220,83072.8495352275
2602,151738.5684355143
2159,199461.7883300173
695,126313.82490749023
1109,254619.866892911
640,169506.34942746963
1652,147017.97483433492
2090,186491.40119971122
1188,169569.60868326676
2345,249734.85950874077
1059,450306.40899886837
2751,228724.78875645404
128,191116.27729924038
1523,201789.2806058193
2925,170564.71549152076
2145,300633.99044655735
1121,222088.30758685342
566,266124.23406703374
565,240134.37476565852
1331,129102.80774431204
2928,124633.10298657497
156,145723.41648241587
797,126034.5701769473
327,98324.36326800523
2859,140794.83556867167
1453,121859.62052748614
1762,358429.3979884785
1868,199532.3046611705
1760,176488.4226094252
1113,239627.46893690125
1812,190429.11224362193
117,156277.56879107136
1142,203354.47102578072
2342,431369.4930553147
927,141951.37039234256
2478,178608.96763879707
655,92209.213665231
2064,122400.04217247933
369,269848.7331759216
2239,111116.28792815695
2732,214754.21851294138
1653,159863.13472128916
959,209324.688032298
2395,350559.19010101963
1412,103680.022762553
271,221148.28554325548
1484,152178.42880004714
1497,149425.84296175896
552,158762.36608439925
2,116802.24098585635
1855,323738.87451509933
4,265281.5334123323
2292,156932.05238516507
134,143195.70497154168
646,110615.18713781642
42,288736.1335335099
532,220604.61128719227
713,92506.65379972992
2561,134623.1076138078
2360,142026.2301904411
1333,118818.46373708408
1407,270249.4895707889
2892,318715.7781211585
574,216528.68833131413
1227,175249.1439486449
2591,199105.64814924804
1476,211583.87751216893
1125,251898.29378111783
1446,154501.49600577785
408,119567.39633263719
1101,286653.6433577747
2251,192352.60200285853
373,170150.14978191856
2554,131002.45434891856
2382,251308.3901233897
1985,86342.10665505065
519,241112.06610218956
1093,188371.90860367316
864,249071.53965203502
2889,140624.25852653393
2308,176266.50259205943
986,221797.43045472619
1302,131450.5189062991
585,151014.96751113125
2708,150476.0028203172
147,133739.27760151055
1441,226304.01710616236
383,187677.44309620193
285,138089.2597217397
181,114552.14803031049
358,197780.81683546945
780,177884.02634191455
258,190019.7002824146
1865,214245.37039165557
692,119937.48889539142
2902,349520.2809724675
508,259671.35651423896
2638,137553.48071068042
36,143572.59617404695
611,165615.12454397557
2281,144293.8238621992
1678,113024.35418175548
1696,517323.0444434353
1557,67771.61167441167
2180,156053.72733776984
1726,208666.2371229471
951,145526.07964669657
267,217784.39707078043
2706,134397.69834909204
2221,253490.67986399046
1357,164855.036334399
2901,336978.3757489482
347,175829.10668133217
2164,186164.64216489904
1586,317454.1857184216
360,155733.04775722002
1769,239919.76818287256
2617,145159.37624758744
1879,145249.44949510624
991,246086.05811047927
1535,117999.67261770279
1191,138364.3260146022
1579,212880.2987213549
1882,60256.1285714709
1510,126726.76343947022
2196,123279.12480324355
1845,181249.0994935193
2336,407087.77860816376
942,88087.43770306552
861,134194.1186803919
2555,121280.66711492454
1392,160733.12212599535
2099,250797.95512652048
1543,125026.9427391931
948,265125.5051848865
1239,163586.33055024006
22,184644.0692588799
2796,238838.1248124024
2747,177238.07588667187
92,280583.3902684449
210,169942.76860705877
1858,201531.63595640825
2228,152897.67107664506
447,214471.0570701503
827,245196.1963202593
1649,202264.08750936523
682,135186.05466638276
2698,101112.75265923355
494,167529.75484189007
214,68595.20107041726
2441,235819.74511026192
2679,103076.484834138
1336,119300.83629282363
465,173996.1769056386
1524,134936.74351189483
2543,113672.56691312433
631,143863.98314990886
2452,305707.4650524601
228,154053.52744845173
126,192391.1004021713
1092,232206.89411446152
1122,203089.49801817595
932,229073.8548716067
1980,89391.44030026767
2171,108741.37123746645
551,163242.06638154807
2768,164738.79407302628
2056,113114.0883800483
1159,362483.16011277447
2645,110522.45280328846
1174,175138.83504128872
2266,206650.32417471719
2462,459482.73528692545
1219,149137.4370819761
2922,167002.26129985807
118,144541.32038333663
474,168157.47949137833
2576,149539.41963183446
872,296998.29951562796
1077,205194.1452872557
1536,132035.00535939963
1150,119082.51294288869
2341,331024.28489208675
1931,148439.93589886423
2785,128809.70288835849
2538,131382.56800384616
597,194568.44605188794
464,179103.50785701672
233,236041.79364265385
2169,128461.387786894
2123,170967.17304898665
1867,163648.8932399375
137,249419.93884390534
515,234772.89604104788
933,117664.52923004574
2784,164606.8365340373
972,163386.38698999415
599,155610.70378462732
2614,125976.95932320283
2582,140717.64580395442
1409,163707.1099323289
175,83788.7839381048
352,210560.85764186984
976,97054.59697799392
2134,192072.24275412518
984,116042.01012248031
2396,375483.4843815564
1673,143098.5184667934
404,123554.22305464587
607,160051.2137832577
814,147475.86439655203
868,185266.9590129808
2271,178854.42917179584
1633,225724.38059738328
337,152954.69611697237
2765,181657.40618603266
1746,252723.83680809234
368,327589.6377239456
2806,203478.73701589645
1662,187278.22468100142
1234,217069.1768311519
1373,126362.55920684896
1672,116900.68114474099
1939,125490.89503358031
