Id,SalePrice
2658,159228.27558701136
2718,155118.7815178503
2414,221094.45822793402
1989,101241.3816980339
625,166874.2518822788
333,96153.31438033932
1327,107903.1174566465
858,159397.24127017695
95,185783.18650852834
1568,162208.61467659805
2482,151835.5839538695
1364,124088.6865602846
2584,139510.6284974591
818,280267.4182074408
2673,126573.46520453334
2089,128908.87597622153
1297,146455.7338337048
790,112774.39812722817
2616,185394.15202832152
720,185771.74859065714
222,149424.44982278862
557,136783.11877661158
1148,182842.8128704389
2766,163694.5721806631
534,184326.26841709454
1452,123481.50497280109
630,116170.23103280664
2648,112714.60074543007
125,153134.31591759686
1904,71916.95344706305
1670,113326.07818668114
756,98829.46278464595
717,232877.06299063316
1032,148443.86878749335
852,205830.9027009751
1731,176403.54075374344
2639,111834.84243902472
2071,109969.90946096141
1267,125786.73898960426
1851,190441.46221336114
567,170784.02698573476
2439,207578.1909303278
1898,143971.18287932815
647,164905.06642037237
2256,217571.0222262462
979,96384.26127115883
1444,219379.9589719746
2485,118749.02206766816
157,128338.77900743873
88,126155.87505556089
2003,110993.010105795
186,205606.12413973166
1425,239288.84088817184
2695,128036.43129654354
738,110018.85505409875
395,153208.56560855865
1353,165130.6447122455
1878,138149.8357683526
390,154690.79892231725
1456,238279.8548739013
1103,321616.1786568801
1387,128260.93108275368
2070,144118.45977107028
1199,169035.6540618771
2479,171079.43443203624
501,329719.36995010404
2362,99021.09182558993
1718,200615.71372907926
2188,96460.59667531285
1483,153046.3447425167
2557,92187.99889258345
437,403509.2645060324
2224,145782.91689250994
1628,166411.32786673363
397,142224.17401789394
587,189674.3950584815
971,137259.86704807292
2611,142979.29583935105
1887,104539.5524717367
2399,366080.0939186049
2148,193706.60000561236
304,107465.46436466544
1997,114649.61292495426
2817,110381.11934052648
1431,206098.38390879266
427,334795.64615175046
263,125794.15938446307
598,166281.4474289869
2895,232064.81601488337
687,140652.97275146484
1822,137061.92402820487
2191,107929.8906325666
179,118340.85071500076
1009,208986.61949322958
2010,131917.6326811386
1991,125378.57983742304
1411,151525.1200358739
1721,216676.72351390205
1144,189236.55104873845
593,213350.50003194073
575,247751.97136454383
1249,149419.11157809687
1604,126223.60373271462
1064,671126.312476464
1923,153725.6747693096
1988,107840.9380066344
2325,170647.18464940914
114,202425.29387322484
2700,158842.26775296114
217,121482.51605938199
343,170213.0653149058
386,217120.21616756264
2005,127510.0510998565
2908,141970.5459269114
1814,239257.01112565558
2446,624988.6903318681
208,139588.52567285052
1679,112723.3835810817
822,332032.5614706303
6,189786.82093151825
1781,427305.804369129
2397,273781.260586097
2340,315792.1852015201
1618,182640.67221313066
2843,97824.29676747748
1061,375391.58791423164
2786,130281.2448177342
1935,136260.39399671773
1341,116524.72180529902
521,282431.72773765406
2136,135824.98991492734
996,197642.41216617543
227,133992.59934016212
135,170302.67444203538
1167,173664.9190514023
294,227027.3169344275
1776,201170.31660163074
540,161720.77775544938
1717,203143.91954348836
2303,137999.13841291374
116,171689.0908221214
127,141906.75011022293
1371,137231.70392848228
1014,124834.0660793765
1507,113336.78277338293
702,119014.47986677021
750,139709.93992666045
261,154392.39750998528
1559,74003.11302176143
577,226826.16244132564
2812,194872.31350204977
2080,148454.19302240133
1368,107629.91669429517
2376,128233.29552709317
659,105730.1394892263
1235,141942.09030099728
332,84114.09263928287
1917,134658.88076536026
2094,257916.78100921056
1460,248910.68395372262
1471,219142.9816667579
1509,125765.07578422566
1922,136937.6625738833
433,700370.0365590908
460,234063.49039126202
1116,239578.62627128616
1137,159355.52863036116
53,170051.87823152143
2354,261200.55335403103
1475,192374.36139397114
1761,832622.8840197657
842,143717.32845746385
2739,133427.05750099287
2509,157851.9594707601
1007,202519.98475348338
2610,179217.50695168047
1952,86103.89294774988
2719,155263.9440272005
2921,89127.31917210872
1966,137268.69143069148
292,102836.17837302914
1204,184778.36040696496
1829,282842.9722268206
2419,185534.6945756211
391,143329.48934882236
798,103285.50956651512
481,199164.72185265197
193,197810.2368047384
555,128163.35175962296
899,63801.167543381656
2357,173273.31055739403
328,114209.50755251014
1356,119806.2757810276
1154,104385.42804797662
1730,173154.61641309535
2249,154054.62918226406
1119,284799.8441020904
2856,134178.91481534898
1394,139600.10568347631
2587,128573.8661569822
61,314336.8788285205
2661,176252.86281044286
2711,132120.00580569013
1147,189133.62694287
757,127485.98616251847
2623,102693.75390097873
2378,146608.65207155314
1413,136806.91312164644
1722,213622.99274534066
1112,225822.36463732863
1623,190778.43407384527
1201,181060.27579410377
1513,119264.14665657186
957,185321.20610654532
1171,265436.3752193935
1145,188872.15254106777
2726,214490.1424499558
703,137666.74116530444
760,94023.4981358155
1964,144086.78289193564
2512,172748.3663102441
159,135702.5864597713
1281,163698.79287419294
468,183278.22705418285
290,120920.04498386437
665,99293.20399692991
1463,246876.21448724135
1792,224719.44449525498
923,146174.3929389581
500,259326.10167351158
1408,172491.35458391396
331,87450.70315485883
170,116130.70842730033
2192,102946.6332701454
2571,411148.1349963951
2314,175575.23358731688
2647,93494.57931157717
422,483871.1395188808
2457,393885.81919655146
1838,194884.2319301279
2805,248678.4745392492
1645,153023.13407780358
1711,288327.0479067462
2825,228290.91228638313
322,345450.4380747609
2103,252618.43046671763
342,118088.2358549878
600,125308.33245387251
488,174231.08668726473
1725,286477.51368657383
2246,289440.08678211394
2847,147087.8876978137
806,233698.1171837717
530,233883.9247124661
963,186064.97200412647
2678,89490.28963864788
171,99664.91121379366
2401,471358.3952811518
805,224628.67662836326
2259,219824.2374998759
1748,184133.86730647922
1361,139665.34156024468
1677,114438.85291623921
1406,140277.2775761213
2322,254438.34787291946
688,148829.23933640818
143,138952.89915877383
804,208448.68136182122
1214,132757.34027028424
2828,144166.70243015076
1999,129007.12338665119
2467,197804.14058328443
2665,146864.74782234023
1538,435816.9669027089
398,124553.95323927347
2822,134763.52864323193
2157,142224.11635342796
1856,198771.96654767252
1269,104731.1305235971
2570,119470.11633462929
2320,233434.76290752293
1517,144329.47954296548
2304,140923.84903626383
1312,98325.84238732544
2012,132974.43712954657
506,249252.7289218381
2865,241137.33205960365
2367,102967.78446931556
554,76877.51627434499
238,128233.11086725896
1954,122833.97315505317
2488,129087.31211061939
2291,83384.76472467158
1969,113878.44320351978
2725,156121.98800333738
1482,151344.28532104855
2763,189443.4079300179
503,254225.74373519293
1584,248035.5005736579
1531,133187.98379858016
2210,161080.6509981409
459,322311.3387021653
556,133458.660970285
1347,119198.244071719
1290,81529.38457076656
1388,105935.2088007676
1571,197268.71792024653
2754,195439.01738602616
765,137119.42793448054
2494,131919.5915024197
2870,245359.68095369724
7,215112.18158844422
1114,238019.0444463143
2418,275440.39925223764
291,121311.67919205486
18,317327.06798638945
39,385543.26650626975
1001,241288.39595320253
2442,225150.42976751452
616,122657.09727715893
2680,77211.39219515641
1414,132981.3008989058
289,145801.08912266226
40,248170.64564868444
860,122184.5222268771
409,141092.2763672537
673,142979.5326343109
2427,170923.29394932807
2036,201043.2406337495
2564,142542.6107521117
642,145082.0644975962
1008,177236.71869698438
1908,138658.88491311684
2519,207068.7561799043
1369,104746.97587023069
2855,171510.46205785527
712,103886.87579246727
1943,115207.96277571171
1958,126778.55537674032
107,160240.2144685571
2295,187227.71605386294
704,94394.73551282774
676,163566.16701951387
259,182706.02034218845
93,285299.0757400014
106,246787.75445366735
2315,176629.54113689778
1050,117258.03241279542
1095,205319.74771740608
2709,147414.8986521204
758,129800.20431089458
1496,149686.1453181473
2370,123392.22103866568
2458,274847.6989659162
2733,123337.44014828344
161,288762.6821941829
726,154699.70376737879
845,200056.9747281255
947,247559.1784830241
2232,111012.65045298268
2563,156173.307475299
2299,128733.66582329069
211,92365.1550348484
605,141658.69375995846
1478,191384.2217816614
2247,283880.1350470585
2274,207857.74734179678
2869,218469.6263961578
967,210311.13153677946
2656,123068.62942960158
667,200064.99352149846
1042,109468.50744867847
2023,145415.5457214974
2447,392659.973200026
2055,118929.26414375956
2275,285991.5344677225
2204,172032.30340411168
1563,279945.0124528911
483,203947.83955545034
796,125804.16244255887
1526,174116.53642225417
2042,119507.54495026288
442,335988.5494422458
1693,318371.63575120916
1468,213444.74103315527
1430,195245.32824212706
2605,117155.04394921937
1529,203140.08849962996
335,154660.77800401553
1287,123570.16339129397
31,104705.8659197134
1785,298784.9392976978
82,154898.8823215467
2620,112564.07975766166
252,181808.6544233696
721,59674.66586126219
2165,175605.62235261017
2316,185835.54281305982
775,132725.57689839727
1558,68704.69447311948
17,249366.6534947559
1022,211942.50207496792
925,127036.00001235175
438,268271.69168404024
1270,144343.5185609624
1272,127670.7584946533
215,125627.89459047123
266,232101.27517993018
2402,268186.56955409475
1250,131407.17582799675
1984,120678.94566792333
1279,140365.50896178922
377,260383.69546158885
1252,119298.18435475607
2156,263414.2282891324
499,322770.33331066556
1374,136390.644578667
2898,264129.7599934671
401,119749.9624347406
2721,151406.98796147242
2078,219116.78132454224
2589,139172.58534930073
1946,224455.91036542345
1334,120963.98789624473
2781,229223.59821889843
431,402511.3779320923
576,199947.7849113846
1474,207898.6346684749
2254,142265.07509350913
2155,289175.83937959035
885,99827.13166082658
643,142056.33383262373
1944,120916.19870575602
480,194758.6673591931
2845,101525.0461170301
2387,318510.27023153804
2407,198005.42871731034
2527,163567.40121856873
2514,154542.86532861134
629,140377.03788288988
80,296676.91036277136
1876,143713.36669314603
1546,121058.31133902184
2518,172433.0844595356
2347,149641.47284785038
783,245620.9161000677
1322,58705.57581610706
194,86850.57052359889
1770,291785.4545348136
2143,125160.85033087096
1229,195215.19348548562
511,297765.3926020255
46,224941.8037528955
1348,135374.58558728127
2465,197988.2436061244
387,236788.52738647634
873,213166.0150283831
1918,131232.82486968752
2764,233852.92076489408
2184,124479.0748699719
934,137824.65403421308
1920,131502.8575918856
2631,145692.32542912642
1768,700431.0457625673
2040,112062.84472361725
1749,212735.02815901925
834,265977.6542642999
1457,230368.5402283906
79,121688.92087338312
2302,129885.0269901076
1817,146241.14339693452
2755,235413.23819564216
359,179243.21111503913
2059,115598.81534502098
2092,247774.83005742083
2516,221716.4241094307
150,124718.49734244864
1656,141229.83946485186
83,89673.42950986545
2411,178437.14845768706
795,80051.71450358145
2312,225940.52676306185
2917,90606.16452176817
1624,174357.208232
2215,335127.563682867
1211,150246.9975536482
1485,151714.93550678669
1024,153111.86245923612
570,204653.12641696623
2874,137758.85595422488
700,121295.23001886655
2756,206822.9172728698
2022,182393.9714103408
583,239232.45900788828
2392,381903.3650320216
2424,175393.86553235707
212,104517.13762006426
736,128858.78132511342
1610,146151.94489222398
890,127740.90315876543
467,181210.20139033283
578,200143.5888396602
1747,198214.2910956385
1149,155669.62847844584
2758,249517.68038857734
857,137934.47676850637
2219,268623.94095433527
733,77781.95091416672
2909,109749.7035728894
1798,264652.13115680875
235,117334.65505889103
2366,128556.9789094941
1027,132435.81997689576
1195,136701.18095037443
1303,67622.5673879598
148,178531.80794067006
608,147568.3355374028
2515,191681.0146967438
821,255920.9739190442
2500,262239.724451086
745,109834.20130960645
741,128366.79998265169
1611,113597.69715473031
2532,127859.03360955961
1081,227023.86741339372
1692,474419.65682975226
2520,176371.14603758758
276,108560.67889311476
1992,116167.3326673227
663,76003.15024330527
418,129728.02323881302
1733,189976.19230169198
2359,152093.942152056
253,181794.01779465078
1518,246738.26690323875
2035,123239.0671796738
2919,84620.67145122093
1540,264111.39964130666
2120,147683.7402195772
1674,168938.52701578807
256,158067.97707799912
2361,123716.06389494082
978,83313.1360211376
2280,151199.97886238087
2095,238484.78861990257
1709,338862.2937642305
2801,251033.80807040696
1246,117972.72691123186
2373,101372.4192523169
1055,291382.4288163151
2017,118437.29976188284
1099,255213.60234715007
1344,91774.50895779449
835,178542.09376898763
1117,206702.7216296143
2043,86530.54441908581
2085,116151.31122273448
410,148003.49959180484
2650,116632.06076258623
2867,188843.23169717353
1668,120189.97803121422
1161,169988.03674846247
2122,167257.1021506226
2539,152948.9342885747
1047,139732.5681719545
1445,129705.54538178169
541,126177.39962896644
569,222080.42523948214
1276,111293.55394324363
918,143264.63327731338
326,166854.7656575226
1936,128991.341741798
895,102093.67472082759
257,149738.9641701839
1241,178711.83156028163
1545,112813.20005130078
1189,178881.75361473262
270,145458.49971010152
2066,144791.08829259008
693,112658.18148365992
1259,122755.12711720835
2916,154492.81362474425
2321,300911.6952367227
1977,90694.67967019856
1895,150181.83009696542
1240,156731.3293575037
85,145238.66763103896
1823,120684.43208772191
825,302571.14651085605
110,235528.88229278085
697,117538.7558985311
2297,124083.82899845578
1231,135839.04718427442
1355,130299.39504294808
968,352163.415904135
584,215917.91626167652
1315,118948.32819036872
1606,147884.23883665097
206,97099.45247218721
1685,351707.9091812545
2016,136313.14229234992
869,203445.95165211245
2135,124879.36978825991
2346,177403.83076659575
2430,231825.8645566542
2198,72420.35192504297
2652,122322.65745003796
27,118342.46599267087
241,167789.60974374277
906,117067.22093160154
1506,110915.20288300348
2098,403404.46696539916
1435,219789.06450788648
2213,135551.0831955517
1274,140047.75668426888
743,50582.394489869665
1737,196652.25914244825
2797,278172.73491001537
2185,76166.26354157102
58,171897.40771475705
830,198111.93677442058
808,117380.71935654267
680,142422.57196298195
1153,111687.73764617092
1291,129435.41445669632
1818,135761.82950308934
2161,181305.6463165766
1883,122959.15186305434
350,391737.1758682002
2473,135881.2432130895
295,200178.50066379845
293,176280.84969166497
859,135302.38546045535
288,76955.71056943825
1578,141140.79426986157
102,196466.06085304817
2831,142393.58151226875
1030,148626.22815147357
2551,152304.37820128436
1286,137006.81726914903
958,316169.82268677646
776,133179.0778917495
72,234023.69855371135
2263,249857.94784969016
1866,155528.6217061299
2876,81039.85119454471
2146,244645.58000642637
103,171862.69756235933
1500,140946.32713152
492,190610.44133250415
167,146794.40027976214
2597,114436.13709624327
2685,100862.51553014795
1035,156034.1727384676
1220,81339.54780180144
2602,150816.0625311991
2159,199211.87029733273
695,125730.71218710183
1109,257503.89774023448
640,166202.80722128792
1652,145103.83777250777
2090,156469.41147337595
1188,171582.48388940076
2345,250228.82867409757
1059,446969.0796484161
2751,228906.48942111628
128,192794.17037588943
1523,203363.21761636419
2925,167750.53769616183
2145,300694.7581783527
1121,225941.2153677596
566,267295.9664161387
565,243233.65024536048
1331,129200.14445566168
2928,125993.50488776094
156,146325.14839176385
797,126248.76976545503
327,97401.89557699967
2859,142821.9777622111
1453,120074.89736047806
1762,354537.27480181755
1868,202301.83884229555
1760,178344.0313937434
1113,239315.0087587483
1812,191556.90838746354
117,158696.42992458708
1142,204935.53497176772
2342,432849.93518829695
927,142542.77208898086
2478,181262.19112811435
655,91292.75447212259
2064,121564.62397757835
369,274538.1767201474
2239,112051.37649558621
2732,206355.53207698194
1653,160131.17458286762
959,214259.25244855165
2395,352585.40645264246
1412,103386.85634723907
271,216715.36616761002
1484,151365.10691525703
1497,149055.87619327774
552,158221.98625144016
2,114766.39984949357
1855,322256.59570751066
4,266541.521690373
2292,156006.93783863942
134,144870.1510823149
646,110559.64462892321
42,295945.59741780866
532,221327.5986311842
713,93918.78585524093
2561,136162.24420389306
2360,145009.63750047362
1333,117790.3394762689
1407,281017.5685623746
2892,323863.85882821045
574,217132.8208333322
1227,174582.29264325625
2591,196410.0930104778
1476,211400.95372018992
1125,253423.42624302878
1446,156202.92659530177
408,121047.89810676994
1101,286513.4154664616
2251,194259.2396274741
373,171432.53265494993
2554,131687.3219769428
2382,253169.55974156252
1985,84953.64326589664
519,243129.0530783212
1093,189155.47749106583
864,248136.32312579372
2889,142260.8732961344
2308,176291.1530322779
986,201402.2753468168
1302,132202.83833298096
585,150611.2605960931
2708,150429.7728364242
147,134463.98186347686
1441,227032.64521630836
383,189281.63492081486
285,139423.608852014
181,114663.50286836906
358,204413.5237556653
780,173908.72504113277
258,192060.37947339937
1865,216109.14307560917
692,118152.94804614762
2902,355106.78669331747
508,265837.22112396074
2638,140674.46149541455
36,145724.81811586494
611,167892.68787876348
2281,147324.1487853212
1678,113472.81275319774
1696,518884.1095711316
1557,65092.7025197451
2180,157382.41901532363
1726,209857.297530024
951,145099.1686585307
267,219488.58622397372
2706,135055.60326997956
2221,254277.88096671394
1357,166765.9383891958
2901,339005.6486672218
347,175829.24833762803
2164,185631.8093432545
1586,317638.64454288787
360,154907.34976580067
1769,240596.42841328325
2617,145086.18986611586
1879,144909.88937156752
991,250368.9958065525
1535,118713.29474357271
1191,138798.50644069497
1579,216573.32187809327
1882,57697.15730329466
1510,127361.74016304902
2196,118982.59204355044
1845,184210.8613112626
2336,405139.4638082093
942,86690.73619241467
861,134519.6999246538
2555,123709.8180356145
1392,164584.5569411668
2099,251300.77216116159
1543,124010.53145961853
948,269488.8474106562
1239,164107.35691029867
22,182571.905046271
2796,238839.81804980693
2747,177050.4516160316
92,292886.08245687693
210,167904.28700574007
1858,201499.83013279573
2228,149374.3128450355
447,217001.3642639211
827,244417.8667208631
1649,203238.14799516145
682,136002.48792354812
2698,101249.42486833032
494,167780.42444080958
214,63502.23971938506
2441,239494.0524307946
2679,102907.66245520423
1336,119543.89232787004
465,173078.7863336313
1524,133547.04648490352
2543,113713.16947579243
631,145867.82500901978
2452,303255.38125099876
228,154715.5478743754
126,197794.66202090977
1092,235311.33048409427
1122,204398.3372504397
932,232963.2493163878
1980,87747.86729714974
2171,107131.88761349647
551,167338.6203711359
2768,161983.0142372056
2056,113328.5763769427
1159,354729.8232554439
2645,109174.65154679793
1174,174893.40087149234
2266,212164.03843270952
2462,448785.51173834235
1219,149297.7858649662
2922,163005.42453381425
118,145849.65447336336
474,167556.979128296
2576,151390.57793224935
872,296191.60942572553
1077,205945.78848152037
1536,133399.91807900695
1150,125260.62190477298
2341,339232.5142473262
1931,149519.2043255903
2785,129318.10544176547
2538,132670.3876381863
597,194383.61349728497
464,181100.76344207043
233,242202.21305755136
2169,127539.97420477746
2123,173209.09206458187
1867,164243.3574895579
137,250211.21825722183
515,240382.06952924383
933,116350.84178769098
2784,168703.72546962032
972,162294.50126222125
599,155065.3788318722
2614,125768.2257346424
2582,140974.82755330324
1409,163424.78722424174
175,82614.51050772562
352,212374.44886122993
976,95653.45997595364
2134,192996.0461041079
984,116419.02106106667
2396,376752.4593547768
1673,141469.38524813857
404,123787.87163588694
607,161677.19836754294
814,145848.18587347405
868,186321.17375769516
2271,178731.13280234172
1633,227189.8817856018
337,152626.0364623027
2765,184686.15066163658
1746,250201.01608322616
368,332608.9497495573
2806,202704.23779732687
1662,188862.83767648228
1234,219303.7129917618
1373,126076.3158673212
1672,118263.14835215356
1939,124843.84474475829
