Id,SalePrice
2658,157890.64113416744
2718,153419.14198436198
2414,218938.63562870203
1989,102595.01627173078
625,166878.0253325597
333,94923.19541563757
1327,104624.91812218822
858,152429.77338329135
95,183947.95452101144
1568,163964.48077179267
2482,153549.78069867613
1364,126631.80996943303
2584,140455.94108242277
818,273007.8412957076
2673,134323.49191246793
2089,160323.54655437003
1297,146471.7212481883
790,115049.89261914654
2616,151955.9708323973
720,186340.03844933223
222,151267.06117849026
557,133129.83999583943
1148,179684.74395700014
2766,167230.75050518222
534,181731.62789220663
1452,120486.35529694684
630,119020.19742529209
2648,115532.58763587756
125,154367.72152754272
1904,81486.09933473705
1670,110988.1642173339
756,82209.24157609367
717,230591.40065038763
1032,152545.45390711704
852,203424.8568303795
1731,175869.88958412939
2639,110954.21772268602
2071,88939.26887455383
1267,126015.78675988156
1851,190544.71539518874
567,167687.64195680578
2439,207819.52782765933
1898,144285.84428694358
647,162148.82098009923
2256,220939.66019398303
979,94947.8777604863
1444,215700.7435217694
2485,118531.2567056813
157,127006.86311063005
88,122933.92431567627
2003,109893.18157201177
186,213828.91842763577
1425,235862.35526616522
2695,124704.93244206763
738,110988.71496750315
395,153860.87212018092
1353,162097.10247634223
1878,135864.01040638852
390,152608.70349095255
1456,237067.79701718423
1103,328153.4043636027
1387,131159.2688714008
2070,152138.7249090168
1199,169880.96017956824
2479,169100.2631632002
501,290436.8050328181
2362,98652.78405877357
1718,197766.55623187026
2188,101499.34062020601
1483,149864.99913510712
2557,97211.88487727342
437,400869.59768192127
2224,169230.75699409336
1628,163548.5507975423
397,140229.05518685185
587,191275.17349368145
971,139465.25849104728
2611,144268.62122652086
1887,110176.95432201064
2399,368903.5374479517
2148,193330.33118587514
304,110837.34925146325
1997,120176.54104473468
2817,118930.35367861495
1431,199225.37400798735
427,324136.1350765253
263,121536.8746614751
598,169460.0552810227
2895,246391.6578958485
687,123927.9259553373
1822,134285.9602277714
2191,91948.09397706515
179,117927.8589252646
1009,208049.05330538767
2010,130858.3490680492
1991,126068.49257143299
1411,151845.75383342442
1721,216401.27235681878
1144,186335.22571490216
593,214214.69316538816
575,766416.3620780123
1249,147972.16712360186
1604,122552.89897553818
1064,701412.0862689501
1923,154119.66236266049
1988,108719.23522473287
2325,168093.26067099662
114,201937.56516527312
2700,157951.99315095058
217,129501.2918953608
343,169991.66614953944
386,218165.9469466202
2005,117388.06625321833
2908,140910.78028112467
1814,237373.3896281537
2446,684848.221347052
208,138551.8125865661
1679,111025.35219754624
822,327426.59748320444
6,193073.68515146675
1781,438264.88932695903
2397,275857.0179817521
2340,315312.47196436394
1618,181300.24608006544
2843,100050.03994000117
1061,369982.1925475837
2786,129421.00869971684
1935,135809.7363698125
1341,114396.04917854788
521,275833.72170349763
2136,133821.52171791348
996,196055.45357593478
227,136099.4293449278
135,176317.0871136902
1167,170376.33767496556
294,227511.06019204954
1776,202627.82101824004
540,160980.08639094382
1717,200123.89710232415
2303,134661.56533202855
116,174744.7614565538
127,136184.92409900101
1371,130406.90268445
1014,99892.78410931579
1507,117696.10438409596
702,119044.34039593092
750,141968.34896406712
261,152675.9591887734
1559,60575.27082040757
577,223895.2922783783
2812,194916.2400995443
2080,149893.76508731992
1368,112309.92107722728
2376,126108.15895873617
659,109544.79377611683
1235,137069.91988672584
332,84930.44645507509
1917,167775.3415572073
2094,239407.29701476626
1460,245120.4722046432
1471,213939.6822305094
1509,125843.2290059905
1922,138291.25829421837
433,717121.8829675657
460,235171.45207583057
1116,241270.0110504839
1137,158082.8614891923
53,169204.54561438656
2354,265463.89724004286
1475,192166.81301565893
1761,862349.8462041272
842,138029.05326138882
2739,117287.41264138218
2509,150715.31414101267
1007,199855.8175868325
2610,177482.05112387493
1952,90505.60211041728
2719,153497.70012750302
2921,87705.196387862
1966,137249.50104724843
292,109991.5643936662
1204,183055.18802304825
1829,284717.80877378833
2419,185593.08455507885
391,143423.23495413296
798,105291.59250717798
481,201245.01057665548
193,201579.61435382956
555,124759.41729507913
899,71907.40579643007
2357,172355.90489800952
328,118288.10812399871
1356,121066.1915979513
1154,107116.83579919806
1730,174789.4142476202
2249,154532.80810890245
1119,282333.01352663053
2856,135702.31762239925
1394,111415.32350494339
2587,105754.32643754067
61,313201.8437637255
2661,170264.33817492906
2711,131845.60165028588
1147,191203.33489156846
757,123753.37875327693
2623,104791.12288538468
2378,144896.47418802933
1413,140658.572786869
1722,209200.5445269577
1112,221568.66279732098
1623,191771.39762036805
1201,180248.6453977635
1513,117330.63281407922
957,585918.3842149614
1171,265714.5992402798
1145,190118.70405629548
2726,224532.77630992615
703,139253.68089561907
760,83533.99371455432
1964,144321.50218710813
2512,170882.03176251208
159,132266.66784070147
1281,159297.8571924681
468,183200.09153867906
290,118582.29432361142
665,101430.15438727869
1463,246032.8987076118
1792,223485.9873321778
923,146626.81358569392
500,259372.24714479086
1408,190350.98718359738
331,86492.25753817952
170,92776.8766882741
2192,102440.82531086614
2571,165212.30140535728
2314,174959.86092038604
2647,95429.00781234763
422,491483.5249806299
2457,399744.9097310698
1838,190530.2599644493
2805,249690.24104953668
1645,150767.1517691381
1711,290296.22675849736
2825,246828.76237468142
322,335026.448453262
2103,251011.0733541598
342,120098.57935846335
600,152272.1837256872
488,174201.93794612176
1725,289109.48688693804
2246,295460.87807175936
2847,148397.95826119502
806,237284.00250094052
530,233990.05919650634
963,183279.6959872999
2678,95268.58060888019
171,79789.49329611818
2401,490047.52044086956
805,224741.50144328372
2259,229131.84014794626
1748,183957.98304617207
1361,137392.02544133205
1677,113302.63288999916
1406,140644.68853922267
2322,258110.9176890223
688,145635.5920203736
143,137079.85166068404
804,204072.6348463909
1214,131421.5672490938
2828,141761.62845886624
1999,135341.9199324559
2467,190772.86742474648
2665,146715.02797591905
1538,431438.2373693348
398,120494.50214563249
2822,135973.6858143917
2157,141981.15051774617
1856,197238.49977517567
1269,102596.81501563247
2570,114792.52805340344
2320,232838.27091933528
1517,141011.3157868571
2304,135651.98504734848
1312,100242.44389451553
2012,136236.9071218075
506,254875.12866189366
2865,226283.276837595
2367,102836.70938431786
554,85909.81308785331
238,128352.76730570609
1954,121372.71978572664
2488,124921.54816237513
2291,84387.0619414927
1969,114075.505946405
2725,127152.87650182958
1482,148361.43730569052
2763,188120.8361453969
503,250073.92861370076
1584,244396.77365360697
1531,137977.83527347565
2210,165925.28422128002
459,322751.359083557
556,128759.53116948088
1347,120665.04837824959
1290,83427.64232423619
1388,105246.02497155752
1571,301087.9250984525
2754,186897.87559163847
765,139307.78610084899
2494,129009.57547473417
2870,240841.40281160537
7,206466.24379748848
1114,238451.33292378296
2418,277554.2902870251
291,104260.08392691596
18,321980.64530580817
39,392037.3276470359
1001,232474.89555654215
2442,225272.12511022773
616,121013.4593183742
2680,82040.13015687051
1414,134451.92490706453
289,143881.7834502322
40,241139.5851759565
860,123025.18143029949
409,140375.3163266618
673,143795.38016766548
2427,170697.58235178536
2036,205629.02874938748
2564,138228.6474966744
642,145259.5088231556
1008,175518.08010776815
1908,141195.07805854018
2519,202811.4769789272
1369,111390.50847511283
2855,168033.53833606714
712,106417.60574278278
1943,120993.44341428058
1958,123893.7677353272
107,157370.05365648048
2295,179118.5324084835
704,97501.79294359467
676,124659.29195020952
259,181382.1108796225
93,282751.62512417894
106,243254.52381573844
2315,176697.38503062975
1050,114992.60941754196
1095,206661.05202505304
2709,145230.48822126578
758,134340.20838263436
1496,151984.84252583503
2370,122564.11997360356
2458,277393.3069776202
2733,124741.95967623596
161,273688.9935133952
726,149180.79773575833
845,198437.64861399282
947,248041.2396619956
2232,121025.31972562853
2563,151750.90026740875
2299,135606.74400351726
211,88811.07672427084
605,143664.19213614278
1478,188301.51945444164
2247,289232.457997212
2274,196030.21967275956
2869,213838.7688752474
967,210534.60220422942
2656,119414.10428965322
667,191913.98491903424
1042,109423.4256578743
2023,148290.8534939552
2447,401438.6240291734
2055,116340.41249494789
2275,282537.48850449815
2204,168443.34505406785
1563,280226.0735984649
483,201308.8491355887
796,126964.74993937074
1526,171214.05210685395
2042,129080.56409905327
442,332200.129251097
1693,317232.5299139887
1468,212758.43140663367
1430,189166.47186970708
2605,123333.50771289616
1529,202973.57379015448
335,151544.34942990777
1287,120613.02306439917
31,102408.49233571006
1785,295420.8871957426
82,152281.9884257445
2620,93179.31624663419
252,177981.86443849775
721,61887.843439909826
2165,174961.05525433135
2316,185227.24060827855
775,129788.37029599014
1558,74446.04225345305
17,239770.7891370518
1022,210625.8241440767
925,124251.82284554318
438,261586.93750289222
1270,128236.19997644186
1272,127486.91790957413
215,128206.61840622393
266,226147.88957903706
2402,265494.3310444116
1250,129577.37569964617
1984,122606.7634270783
1279,139143.19963265647
377,256606.9307914688
1252,114689.68026368582
2156,264312.1200589276
499,327687.7465207047
1374,134662.5261375481
2898,262402.86895816936
401,116775.459762995
2721,138743.88069752292
2078,179038.95892916204
2589,136254.66573618544
1946,239617.87200701438
1334,119041.11105588301
2781,226382.52278255738
431,404994.62083764496
576,198040.67041320563
1474,206800.20924019595
2254,149877.17326419908
2155,290358.92789754464
885,104272.93870026438
643,138220.88589227197
1944,124122.19569895671
480,194538.53233419126
2845,84806.88159739351
2387,316090.8012585052
2407,197929.34262970788
2527,159161.9948849613
2514,153876.93550611456
629,134637.25321884744
80,453422.3291997143
1876,144628.7360682828
1546,120977.19846346967
2518,172215.05933950658
2347,147777.85289466326
783,235588.30814227756
1322,60792.4138535594
194,91970.09341267138
1770,290417.309807262
2143,125817.01455070116
1229,199852.93303691142
511,295243.2251114744
46,222225.3197591264
1348,136045.07332518563
2465,193573.75301080634
387,232931.13914894298
873,212672.15817245873
1918,127828.78088396433
2764,234349.35122655611
2184,123682.5458262256
934,139083.9646219847
1920,130529.31289637827
2631,142925.456287932
1768,710206.6059587024
2040,117072.95278370609
1749,213655.69456887507
834,260147.2281177445
1457,231168.17308533465
79,119716.70727563494
2302,125369.8659587066
1817,144199.9842375316
2755,231645.5078058555
359,176931.44465327947
2059,114733.07278986451
2092,240598.67772928055
2516,224918.0044927041
150,120476.69689471014
1656,130776.63249746867
83,95228.36912990295
2411,182065.24694511484
795,85451.53685950888
2312,222428.3788933227
2917,95171.9841834327
1624,174856.43212230853
2215,324350.1041910825
1211,146666.25381211532
1485,154182.32224339285
1024,179764.97033259668
570,203131.80651775643
2874,137701.72440115816
700,105524.20077355388
2756,204689.39651509342
2022,176098.489875814
583,233550.06027364836
2392,370806.60260847874
2424,177232.27765334726
212,110394.54160520721
736,126207.15432323838
1610,121817.42379740099
890,123306.9070552694
467,182764.6296734034
578,204379.43082953783
1747,195998.80043520892
1149,156553.25913869354
2758,256360.4739571214
857,138359.11453092957
2219,242119.8444201219
733,77062.5331239195
2909,108550.79465714404
1798,255812.76716261887
235,126436.47753044838
2366,124204.61857707347
1027,131925.15213185962
1195,137360.68449586554
1303,69346.4811561577
148,171760.2583737436
608,147597.7846971589
2515,196489.66998935628
821,252343.93350138332
2500,266873.20148076944
745,109411.06868289644
741,127108.06209351645
1611,103970.15067892204
2532,130316.7707431625
1081,226337.0826063808
1692,471871.2927279227
2520,174101.09059553436
276,111999.508034855
1992,116565.49411297475
663,77442.37128471205
418,126493.36849465026
1733,191708.69473133542
2359,150168.32776755383
253,178143.09463491492
1518,147036.46127733457
2035,124290.21098500793
2919,85945.0342441481
1540,274601.4318932091
2120,144764.37726328633
1674,167805.0554409233
256,153400.04933914376
2361,118812.72638975181
978,84662.49192914748
2280,142854.60891965727
2095,228147.00545082864
1709,332442.23477269505
2801,251475.07425634208
1246,118620.5085284081
2373,101728.13547518919
1055,288700.0081639253
2017,121286.38274251769
1099,261556.4937901344
1344,76579.43552795402
835,149056.21933325345
1117,203088.41921609495
2043,90287.28382775097
2085,118104.54278437948
410,143984.22015136882
2650,119330.93626760607
2867,178216.75067516993
1668,118511.63638445085
1161,164591.4585838788
2122,161999.83389307908
2539,150977.37757696756
1047,139384.02948347386
1445,129328.64258593414
541,125213.93106600716
569,227579.70385054738
1276,114980.92107556284
918,138425.23726717595
326,165473.53152320642
1936,132230.8143913399
895,103256.9060256412
257,143713.729632726
1241,172353.88671235394
1545,111390.7020926762
1189,216011.86009779293
270,144290.56103198387
2066,150732.71967022508
693,112205.07646015195
1259,128389.62486491993
2916,153105.3581331525
2321,300841.94953465945
1977,95677.07750225546
1895,149553.98305969662
1240,158404.7516259626
85,120198.6698096445
1823,122747.75175565499
825,307069.56022963155
110,231732.40357720212
697,118421.14418652539
2297,123586.32446368755
1231,134935.45646283843
1355,131708.1432470076
968,355345.15410125285
584,213451.89336456903
1315,127717.4607203695
1606,143421.2393292828
206,96508.77291617852
1685,350965.31559942954
2016,133291.76095207574
869,202511.64528073324
2135,126206.46418597957
2346,176020.57588775177
2430,233325.3563918866
2198,69952.01696610574
2652,121043.67540046816
27,116430.97351278456
241,165048.8700990281
906,119937.77391805589
1506,114492.5032783218
2098,394853.52136169927
1435,217217.33653637566
2213,129892.3082107227
1274,138046.0221152327
743,44678.04932301179
1737,193821.1260123472
2797,278942.42494986154
2185,79100.9670203007
58,170605.83247305616
830,195017.85494148883
808,116693.59451341907
680,138510.04261579932
1153,110362.34641035959
1291,127150.54482475878
1818,135538.5945585942
2161,179731.692188437
1883,122533.730790576
350,391852.6850322085
2473,135350.06205014695
295,188805.19579095728
293,141450.03584018347
859,130398.51872946936
288,84181.05369870755
1578,151412.96669027943
102,195638.76020750005
2831,133783.2420816938
1030,149494.73840330928
2551,147440.22845917693
1286,143468.82571728283
958,311511.1378083627
776,128991.99708505886
72,230819.2204639942
2263,245377.62203393166
1866,156259.74451137419
2876,84610.72461061832
2146,248025.51205071338
103,170019.4076658887
1500,138373.177480099
492,190662.75414145854
167,143919.22871386225
2597,114252.57356008633
2685,107502.35350204029
1035,154458.52184944003
1220,84566.98878259848
2602,155761.26400838234
2159,201868.9121934571
695,130291.81464334652
1109,256164.79431440466
640,165804.27982853167
1652,145357.94247110217
2090,157612.7145117279
1188,168585.65940917455
2345,252986.96474802715
1059,449061.7928870399
2751,229667.84339028652
128,162994.57383842187
1523,189741.04343200647
2925,175225.49566283345
2145,304576.0238827704
1121,222095.38410698084
566,256837.9606630006
565,242508.39908160357
1331,129777.60440526369
2928,125751.87130211189
156,148088.87013597065
797,104432.19503101124
327,96301.31885332773
2859,117665.21240690157
1453,120530.88489779964
1762,359143.8994169963
1868,196513.7698592967
1760,177600.58931978195
1113,237925.0104999441
1812,193994.92210034744
117,154880.78799904513
1142,203373.5970734196
2342,429221.6024627951
927,144598.84228863593
2478,181840.44990040708
655,91237.0240980321
2064,123750.24266825603
369,271464.07177991024
2239,114150.97938141142
2732,215247.71437768886
1653,159024.9252629732
959,209859.48716219733
2395,348017.05009172624
1412,108359.5318278199
271,219966.82022271288
1484,149745.21628168185
1497,149923.2914731395
552,156366.52432576206
2,117609.28167092479
1855,325587.3682940163
4,263353.91433269717
2292,155056.0607169108
134,139743.70304804834
646,109752.91030101808
42,294738.6683899574
532,216733.64600259697
713,91210.20253970356
2561,135767.48159620317
2360,143290.5047415633
1333,118140.62158660458
1407,263499.13758271193
2892,317051.7645463821
574,218338.21622357762
1227,177115.77814451198
2591,204410.91702678564
1476,211536.2641164115
1125,251820.3488182798
1446,153311.6306454978
408,118559.50313528872
1101,281736.8845681132
2251,191693.93800873635
373,169636.23444986177
2554,130362.68523316807
2382,250437.0485730374
1985,87520.48445695161
519,238859.29911872913
1093,187438.466976007
864,250220.8303460845
2889,142717.4522037286
2308,176020.07291417225
986,212158.84683007898
1302,135029.03224862966
585,151554.01349487898
2708,151204.44279555482
147,132185.89909887096
1441,223976.29562250266
383,185578.86578070302
285,117834.6823977919
181,113596.08889368495
358,194074.50720377592
780,170514.2399997307
258,191597.16603249955
1865,212319.93598316415
692,118767.40366800914
2902,353261.8674687637
508,257128.81536143765
2638,137304.0062978557
36,143389.31612732657
611,164552.2508372468
2281,145507.39304764828
1678,113621.04983360133
1696,526054.3765798826
1557,68272.90109634725
2180,155602.54087511764
1726,209152.86954383357
951,143395.23202105635
267,217488.2547991384
2706,135432.53272837587
2221,256445.89308539688
1357,170110.32338413442
2901,337741.58149506105
347,174446.62120602137
2164,183598.71546682203
1586,318903.24248641374
360,152739.15133558205
1769,240301.69134566459
2617,152384.53818460155
1879,147114.9378478198
991,238841.39322428586
1535,120256.12448317654
1191,140980.82889738018
1579,211979.87211965825
1882,234602.00608122157
1510,127621.89994020046
2196,96514.66910576499
1845,179178.02585462108
2336,410797.75629854517
942,90000.76463396875
861,131561.38402081517
2555,119784.85700804816
1392,161350.90610040055
2099,250267.4165945519
1543,123166.83730910586
948,269418.71074626234
1239,166009.2242603906
22,182004.78599980858
2796,240875.18744973303
2747,176960.09339545667
92,265572.10186365404
210,166873.90682599158
1858,202145.08905225605
2228,153996.13713006466
447,212609.25653344588
827,245999.19305668154
1649,210278.23138351217
682,130945.33051649494
2698,104221.90474162191
494,168255.91449540906
214,70972.90779470808
2441,238785.6236139449
2679,105679.33914864884
1336,118280.44771273702
465,172482.25243091641
1524,134990.01656901377
2543,115329.66234571363
631,141815.91058196448
2452,303105.77437224763
228,153471.22523699666
126,193976.9635973804
1092,233715.58717078285
1122,201081.3580944259
932,223749.36189434954
1980,91837.25403351549
2171,111905.64258129853
551,162767.91534738103
2768,165580.85804897264
2056,113673.11325902404
1159,362537.15884058276
2645,118709.28720031228
1174,175489.37079171423
2266,207009.28562832662
2462,472226.83562598244
1219,147942.7322889336
2922,167299.7540601541
118,143448.30505072366
474,167030.4760078997
2576,147517.84182307572
872,294847.3173872897
1077,204734.41390923364
1536,132410.85521670993
1150,115550.74647689825
2341,330020.4689177717
1931,147176.21037019114
2785,129708.88276966881
2538,130364.33734372428
597,193515.6428381698
464,180533.18628513123
233,239216.75121654317
2169,132654.2389549408
2123,171904.32119914016
1867,163784.00859415875
137,250694.35518349623
515,238434.871450187
933,115279.78951441913
2784,161967.390841013
972,163242.0517130272
599,158606.58059364444
2614,124214.15302774774
2582,140017.42942867166
1409,169369.06806366518
175,92007.1566521715
352,208961.11957263638
976,96518.54952659458
2134,192994.18181650384
984,115091.69395945787
2396,372988.2358423836
1673,139747.76870077723
404,118816.81745382294
607,162695.31181984578
814,143940.79411036524
868,185568.38602417186
2271,176979.80090690113
1633,217110.78611535183
337,157907.1270884386
2765,183691.09319138605
1746,251876.00383104276
368,331692.1336617757
2806,203804.75191388058
1662,187193.23142549142
1234,219926.00727940234
1373,125318.94985901064
1672,114737.29769841325
1939,124506.1361175374
