Id,SalePrice
2658,148101.42522709214
2718,155650.60293399985
2414,215045.73435123544
1989,103293.91339416013
625,167014.94062341333
333,98431.25813701749
1327,108881.24826731563
858,152484.4880842567
95,190032.2884090012
1568,165540.32203308758
2482,156726.6634425285
1364,128436.83835694316
2584,147108.4949967777
818,289962.27709640615
2673,135770.87214449275
2089,123259.57971078706
1297,141589.09244993897
790,117410.48780417551
2616,178669.99579068678
720,185685.92461773552
222,149668.1165678975
557,130505.03018522965
1148,189355.31687447333
2766,166822.91235288788
534,182013.7641116001
1452,125077.19896969238
630,116610.43164410068
2648,112690.74196473643
125,154786.3156581896
1904,71618.55328254351
1670,111836.71441162225
756,92822.50862299609
717,208647.40088830751
1032,154868.09359007236
852,205020.30593467204
1731,177817.16961380368
2639,114268.62880325736
2071,105096.16388592665
1267,129077.12965386493
1851,191185.76507119546
567,168483.42475977854
2439,203989.53618515044
1898,148642.4167875533
647,156476.62228754858
2256,218659.5013746015
979,99299.92830860804
1444,217907.87590797772
2485,121700.22310117424
157,128042.42461307016
88,121804.98491679279
2003,113696.0787776631
186,208751.46897154074
1425,243122.84763571474
2695,124880.02394907229
738,104667.87010932427
395,158022.56977976623
1353,161643.04087265625
1878,136868.1486323291
390,159452.6591590025
1456,238665.10563739054
1103,322976.52912438725
1387,124246.81595822283
2070,141297.57188709432
1199,175825.28699617513
2479,168999.0803864887
501,294395.74024614494
2362,102135.77287756083
1718,194918.47637707944
2188,95219.90598179674
1483,151511.11921669566
2557,95707.50866183235
437,396351.60569799825
2224,190286.13623057387
1628,168157.1724506544
397,140320.57811824098
587,190497.5137843928
971,139259.74310530158
2611,144922.7759212809
1887,106980.9281892775
2399,359428.1624470686
2148,195805.6399959677
304,115327.63239602077
1997,126447.07868461023
2817,112974.60272881517
1431,196248.31459902663
427,325297.72272178886
263,127425.8914994193
598,168288.00240368792
2895,229631.23945064977
687,135867.392197785
1822,139088.3322084232
2191,110401.22701695333
179,121662.16679495721
1009,210469.45363286728
2010,129170.79786503919
1991,133211.86376878782
1411,155811.4900787711
1721,221410.76381184885
1144,185506.29993511882
593,217911.5561604175
575,340961.61904750415
1249,156988.07100593
1604,124963.83546810373
1064,583606.8454637417
1923,154400.9555468126
1988,113216.9015927683
2325,168343.0117760597
114,199016.0053899671
2700,164792.06161092612
217,132259.61691404675
343,171041.47908566304
386,222778.15461469386
2005,124210.55773471294
2908,137461.8146125509
1814,243146.37687139004
2446,674753.6257829587
208,137262.84272287466
1679,114148.44718343492
822,327494.5974881368
6,193037.90017961903
1781,420230.0109704632
2397,272012.5703423636
2340,307789.9022584814
1618,178373.15248629567
2843,111026.4371443261
1061,374808.7893365395
2786,129091.03631295566
1935,138190.42125333968
1341,114023.3310727722
521,279127.85492353624
2136,134661.94211139306
996,195627.65628083327
227,143709.03045232198
135,174566.15903726846
1167,170622.7770905532
294,231937.96138731227
1776,201918.17360351403
540,165273.52620673136
1717,198877.88006221084
2303,133553.21553356995
116,178055.38960095114
127,133281.69978251684
1371,135266.10764933183
1014,123024.6683518523
1507,116869.74278693943
702,117842.13649360754
750,141965.7353011401
261,154812.54504153426
1559,72477.38759455823
577,211952.91049206053
2812,194388.14001309976
2080,152955.4008265359
1368,110484.34168409085
2376,126813.3216172148
659,111477.86965160265
1235,136764.9610559506
332,87703.694176887
1917,142029.22275362327
2094,245624.08641362662
1460,249625.25342010244
1471,211707.74730791492
1509,125834.5327368231
1922,135277.69205985757
433,632949.9130173491
460,237161.0532984089
1116,239437.90478798212
1137,164554.12736926923
53,169900.03560658556
2354,268373.4321280903
1475,193822.96786432635
1761,779193.9187305226
842,143827.10701850674
2739,139794.27237774644
2509,158274.76742698273
1007,199673.84317593148
2610,180287.3284691547
1952,91856.6725375659
2719,158924.3031228772
2921,91467.64462507113
1966,140977.71276832605
292,111053.06168936769
1204,182105.52523895673
1829,262803.3687154836
2419,184895.93248858379
391,146654.80240465526
798,110577.38498122836
481,197350.60393916245
193,185028.84884448376
555,122839.05525930163
899,68954.09416794895
2357,172869.47901491393
328,116961.04918611227
1356,116197.37102366447
1154,110982.84740236601
1730,172933.58440855864
2249,151365.48483158892
1119,285667.75057353993
2856,138672.5142995179
1394,133383.86564034276
2587,130749.36154129892
61,301822.7290302431
2661,163296.6847532994
2711,134063.93332901475
1147,174782.720989197
757,124256.9206397223
2623,103276.22763357137
2378,142705.92201892263
1413,145033.2036459971
1722,212732.39337270655
1112,213992.13785825256
1623,192362.41989814595
1201,181663.38221432173
1513,115157.0488174053
957,1029885.7514653351
1171,266024.6350943091
1145,189491.16362930243
2726,236896.28461255392
703,142102.47518966993
760,97084.68206209641
1964,146579.71862426054
2512,178623.3465085718
159,143340.46556950177
1281,161451.55937260474
468,179331.97947796748
290,124718.66803593971
665,99854.75601328754
1463,255431.35704041092
1792,222029.25190942976
923,150762.85927856815
500,252454.56380926748
1408,184152.8507496143
331,88411.23896092293
170,118873.70373562872
2192,101807.32684848
2571,236767.8796375902
2314,173966.4302178182
2647,94160.48294761525
422,461076.5259164613
2457,384423.4251680722
1838,200183.15920075015
2805,251945.14441364107
1645,155988.84839686728
1711,283773.5355230178
2825,231088.30374509015
322,324447.5017441526
2103,257278.18488579683
342,123637.18879415262
600,127712.93802835689
488,176209.20355007696
1725,287469.29053903796
2246,286028.214072687
2847,152525.02813786338
806,235592.1387007803
530,232687.08412045587
963,183803.83746261586
2678,98262.09154142387
171,99392.28685964351
2401,461006.04142924893
805,223222.1637770556
2259,234257.87270388336
1748,181230.8676187225
1361,139556.16411313467
1677,117428.20966255707
1406,140165.31285616802
2322,246315.55003389245
688,148810.0796540813
143,141671.25998571003
804,208086.51374560202
1214,148944.5898498505
2828,145717.79816084207
1999,132158.48886901038
2467,198259.69156130802
2665,150208.2678166301
1538,455814.7913312306
398,120839.42837337751
2822,134451.30910560317
2157,145252.0855101962
1856,189677.4958544716
1269,108224.02193421169
2570,121737.77211735764
2320,233725.93388742008
1517,135937.11443700845
2304,133999.9485353337
1312,99865.64333368941
2012,135138.0984360545
506,252013.73297368316
2865,234217.66623032247
2367,108234.10726358069
554,90039.11723915354
238,130181.5556698827
1954,122676.22070938635
2488,129931.04742690179
2291,87118.32734130838
1969,110491.56214427794
2725,153679.22117000268
1482,150253.41765060564
2763,191252.60352832015
503,246188.23342274595
1584,242733.6244176463
1531,140401.99054281457
2210,162212.06460971906
459,319774.5704425049
556,131583.2003122474
1347,125979.48723351775
1290,87332.33440811776
1388,106851.13472958982
1571,606033.2850952263
2754,195669.98814276955
765,133630.90285371407
2494,130927.69097766306
2870,237039.90977341053
7,212997.2595869982
1114,238166.76250774926
2418,278730.9721185864
291,135636.35322554875
18,308503.08556397434
39,376916.6129697817
1001,237033.38253699374
2442,224361.5094010216
616,119456.1254170669
2680,79014.62702515097
1414,132354.91563593835
289,145789.00043180055
40,247422.39043866887
860,125924.83515670676
409,141023.147868714
673,146983.73333573295
2427,174135.62093442836
2036,210787.51317704303
2564,144455.88289300134
642,146759.38802864478
1008,177451.47586425557
1908,136263.8124584639
2519,193936.1350554816
1369,99946.82035160536
2855,171855.48921305663
712,105345.52705378107
1943,116398.11833335953
1958,126543.7599138678
107,156062.56387233146
2295,199066.84629257792
704,96762.03801728014
676,138761.3878607518
259,180414.4636502132
93,286607.74445105135
106,248463.25561351283
2315,176151.00744155934
1050,116186.6548460604
1095,204957.6047819378
2709,144390.69999312106
758,128008.2871238199
1496,154274.27479131523
2370,125776.57950479153
2458,276407.8853499041
2733,128161.88656509279
161,279030.95390094694
726,148599.1477838068
845,203963.56429866343
947,250603.07855650326
2232,115371.34395529627
2563,155012.2766344473
2299,129634.81553120314
211,91778.75672016213
605,148540.43308255594
1478,194650.0639266059
2247,278986.32613137155
2274,198475.35483671768
2869,215888.39481122122
967,208356.3348337316
2656,121645.66080209892
667,183066.44611625647
1042,115037.3162251151
2023,151250.41997326992
2447,397641.05210226437
2055,127953.18818047481
2275,289284.4987310327
2204,176745.61856895656
1563,274264.2528897408
483,208149.49802734147
796,128611.04117092513
1526,173107.7102558517
2042,115776.4563735741
442,333892.14838557126
1693,310695.1259101248
1468,218722.67816858523
1430,187107.8549737522
2605,130847.60275571405
1529,205807.2695913295
335,148940.34470275836
1287,126045.97504208496
31,105764.56260357748
1785,287405.79700561456
82,155817.16947035838
2620,110803.18373574511
252,186132.45963340762
721,60418.113421177346
2165,178984.09737432472
2316,185316.6195918245
775,129791.91311395173
1558,70780.1212472607
17,229337.07113529387
1022,217110.6514949519
925,131118.07113544815
438,267297.84082690673
1270,139687.44365773568
1272,126769.01556722277
215,131032.38044249229
266,231914.04963325328
2402,268240.4548698129
1250,131749.6572646238
1984,116548.39818159802
1279,142358.86702417096
377,265016.959369108
1252,123822.86981026575
2156,262031.6573082661
499,319012.6085588234
1374,129444.09722758178
2898,248547.83202356572
401,119244.57457835488
2721,151187.9039309037
2078,220294.57124973275
2589,127946.32873764868
1946,215336.34858382045
1334,122533.82268880264
2781,223934.32851277938
431,398265.9902107821
576,191380.34637248592
1474,206269.87006609532
2254,146097.47927423628
2155,291994.0679959339
885,99772.09105689522
643,140642.16756994222
1944,128043.40017156635
480,194737.5809995533
2845,102199.94755685335
2387,315791.3352552364
2407,201135.47567309157
2527,160894.51523766347
2514,157775.01487152072
629,142962.13793195336
80,242827.76948921467
1876,140164.2921793472
1546,126385.43311877655
2518,170048.15622487126
2347,154238.05867255232
783,240133.728958072
1322,64205.13804091038
194,87378.36880356283
1770,286038.3769106973
2143,129718.63498526189
1229,201802.6050250359
511,292634.2382028102
46,223180.40499204482
1348,142951.40524595077
2465,196396.8326494559
387,235060.9363680337
873,214683.29490131512
1918,128914.45873408597
2764,237565.9382093804
2184,124847.8169765669
934,140729.55365844612
1920,132911.61196781238
2631,142010.84538790767
1768,844281.875619262
2040,120623.38168590944
1749,213135.6341854385
834,248484.01173181902
1457,229520.13517730057
79,124635.6617056507
2302,129351.11172445265
1817,145253.11709529994
2755,232970.56726571397
359,174586.2446388555
2059,115669.21441920355
2092,236123.30543806872
2516,224183.52546873945
150,125375.74040867957
1656,141885.53692792283
83,95155.22614847247
2411,177265.83791385
795,79302.75536887597
2312,221087.96442337256
2917,95953.14028052479
1624,177836.46374481005
2215,332592.01382162573
1211,150955.7832045574
1485,152313.3905052235
1024,166059.1236373294
570,198950.1931697667
2874,137921.33766796422
700,121669.22603779487
2756,207604.6262611017
2022,179287.4704986877
583,239299.5059527041
2392,367265.3155718255
2424,176509.4834618879
212,111417.50206616697
736,128238.1196940767
1610,151680.0078215728
890,121777.05325079616
467,176031.86418547155
578,206520.12833983265
1747,192353.9298768406
1149,159609.6516107633
2758,250864.73041174773
857,139807.96484411738
2219,302277.80407089106
733,82272.58747109989
2909,111748.51982694594
1798,265242.3596981881
235,116890.54909135659
2366,132992.4664851128
1027,135957.69324590013
1195,138619.65833314575
1303,67604.43435120641
148,174146.26477125884
608,151520.37920231052
2515,192466.29269651647
821,260606.25574267076
2500,258466.2522277311
745,109854.58033767593
741,126484.51727695744
1611,109107.75904048218
2532,127535.2389156048
1081,225005.27267243742
1692,473237.6403265276
2520,168157.78580222806
276,105761.24073792307
1992,125927.92729872528
663,72061.74797905845
418,130882.66270481514
1733,193332.7237204462
2359,149770.22255637794
253,181180.83973076608
1518,171458.82920031296
2035,125760.94342492984
2919,87338.20622097519
1540,285161.8756119863
2120,147349.6669336713
1674,171199.80731709074
256,154616.24900497103
2361,114840.47576321018
978,86851.53835744823
2280,139974.92663595092
2095,244405.08234594247
1709,341082.3902462793
2801,259390.37718150625
1246,120340.8667124199
2373,106894.99241951424
1055,285815.02110046806
2017,121003.39429845745
1099,244166.47663368515
1344,93662.29307184066
835,175087.87926258938
1117,206374.89645676364
2043,92388.76088740009
2085,122107.94197793104
410,146390.50257671025
2650,119306.65566022505
2867,186723.45887540164
1668,120401.60854853061
1161,170231.73935757542
2122,166414.29621940924
2539,150330.55686705263
1047,141587.53007890686
1445,129650.56430723806
541,126882.61498574248
569,220327.47605486962
1276,120999.46516313619
918,156003.9088506657
326,165689.7527431982
1936,130460.1419879953
895,103836.58792843125
257,147614.37854076442
1241,178882.6040477459
1545,118516.43642629194
1189,172562.8406863132
270,147063.05537592157
2066,159669.95974863388
693,113536.83552620026
1259,126202.38437445732
2916,148940.2857780346
2321,297783.9423487292
1977,98146.00846273264
1895,144822.85282005792
1240,155549.03562992334
85,144083.07250545165
1823,118678.45370990122
825,305057.8092512831
110,231804.19318725006
697,119184.01201576593
2297,123509.56300295694
1231,137997.09137954883
1355,128492.3753414651
968,345613.6170429678
584,213351.8467726123
1315,127164.15909990034
1606,145890.59433427794
206,98279.20429606359
1685,351366.0553830321
2016,132571.39995355078
869,204644.4068119116
2135,128419.51558283431
2346,176874.59607926058
2430,231950.90913687073
2198,79363.70411163474
2652,122067.22557491806
27,117163.57823866766
241,163816.10114843675
906,124402.4318291847
1506,115553.29378128126
2098,400743.0793638317
1435,218658.4148323191
2213,133967.37192255104
1274,139697.08448708232
743,52511.167207885104
1737,193794.61206594465
2797,285245.3612285693
2185,77674.34823993681
58,170450.18157945917
830,197484.92461157695
808,121020.94817954535
680,144140.73626508177
1153,112638.47692413397
1291,123722.99178635616
1818,138876.4365601426
2161,183627.86507686516
1883,122609.90323701558
350,374304.4472483054
2473,139141.94863935298
295,190245.9310040506
293,188571.47656599156
859,135347.412042184
288,80921.26050532097
1578,141571.1984392886
102,186309.9634636614
2831,145408.38546012752
1030,154689.63998843133
2551,148676.48799423742
1286,138671.07483795742
958,314413.2997125951
776,132650.21591181663
72,224247.30015275534
2263,251820.2112265938
1866,157019.429110237
2876,83490.6282017622
2146,249231.19072350164
103,176502.80376152782
1500,141230.43261284483
492,185280.7010071815
167,144044.3885190947
2597,119705.73187319028
2685,109399.85069261762
1035,157074.7455078063
1220,81083.11570187684
2602,160777.33626767315
2159,203366.54133392358
695,127674.7877797226
1109,256527.03852926483
640,171289.1486231757
1652,149763.1573410012
2090,171592.23728734965
1188,173115.3463960572
2345,256912.23384604152
1059,450823.17432463414
2751,228887.7778045248
128,203105.2301278951
1523,181827.46410194348
2925,180218.7346349057
2145,302297.7865582004
1121,221564.94934025346
566,269257.8989434334
565,249290.1692732167
1331,129527.69621133005
2928,127070.8285320003
156,144985.88905385946
797,128118.85005455384
327,96754.7217405194
2859,148753.74208929058
1453,124881.72211724884
1762,357447.10254223825
1868,197882.06858551456
1760,176924.19364959255
1113,238841.42381066282
1812,190009.77889136493
117,157197.75720419618
1142,204649.4216759913
2342,421760.76469075045
927,144984.59165856443
2478,180503.23550797033
655,91858.32944975006
2064,124510.78723735346
369,261496.80932653326
2239,117088.23497255462
2732,209158.55244266725
1653,159854.57095316445
959,212617.3454509523
2395,346178.5752016692
1412,108838.31329281902
271,235844.30743902182
1484,150847.22131802927
1497,145850.95314631733
552,163046.68893519652
2,117538.58556934867
1855,305364.4138197363
4,260687.7289727151
2292,156547.8234692596
134,143199.124691696
646,112504.48406826433
42,281346.6920001095
532,225291.12758847646
713,96456.63438347574
2561,134657.3669546096
2360,134124.6999483138
1333,116308.63859109774
1407,267318.42743949726
2892,324307.0330716601
574,216964.77462781852
1227,177500.78377914356
2591,216905.93972581692
1476,213132.09035612227
1125,248787.80934400056
1446,147665.6594890694
408,120060.74141431044
1101,291441.686725517
2251,186726.7324876667
373,174914.87381270583
2554,132736.19550960927
2382,256950.75788321
1985,91270.11937185137
519,240164.89490554086
1093,186927.98221666264
864,253238.81734842696
2889,146400.130499261
2308,175806.52469374216
986,186601.04832999303
1302,139537.70038729638
585,158688.38469827067
2708,151638.62137147624
147,132781.40220559877
1441,226091.8374606714
383,189219.57837231306
285,140377.02574973484
181,112484.63872796403
358,195686.97336494247
780,167333.22959083293
258,194250.82854954427
1865,219391.71470675722
692,119785.56070528974
2902,351565.9515661093
508,253906.48734847302
2638,141349.67541162597
36,143170.24160154047
611,168084.9787921312
2281,144412.51630779033
1678,117931.06823324013
1696,513919.7110138062
1557,68804.65747049385
2180,153099.47825040208
1726,212834.84689049868
951,147607.41256986957
267,222217.75310368507
2706,137369.35235043298
2221,256265.90341452198
1357,165623.6370829129
2901,331304.48627601686
347,176036.1866250445
2164,189161.5666788775
1586,321246.2751233625
360,156482.1094892007
1769,240445.1182975459
2617,151935.2180069175
1879,139042.26935470858
991,245765.88391177263
1535,123055.98297770822
1191,143614.59395764163
1579,212822.19098988213
1882,96002.64004736424
1510,126320.26421822274
2196,135520.39058481704
1845,179146.00435881957
2336,397721.1554017706
942,93515.68144407192
861,132058.29601924334
2555,116009.82133329744
1392,155661.27240176965
2099,255828.51545676938
1543,124744.042148292
948,268550.4388243549
1239,164700.27496641627
22,183262.79963424482
2796,240414.73726575726
2747,177183.68717374286
92,277908.9185586711
210,163457.94766030108
1858,197678.07604395394
2228,158692.43534983453
447,214698.65624179546
827,242678.67243990558
1649,201803.50580132077
682,139115.4206238641
2698,110022.7471393072
494,170347.11432763128
214,68951.20757812164
2441,240296.12029004027
2679,102616.08841168653
1336,120564.26968052737
465,176807.1504204628
1524,143029.04368912237
2543,114078.67844681037
631,143575.42011854638
2452,306333.7239691928
228,153913.81203864192
126,193545.26938120587
1092,233405.58646596142
1122,202774.3421678349
932,231613.87235567282
1980,92025.82667125469
2171,108365.04586819498
551,161877.16123103644
2768,169903.20065167535
2056,113512.85028027136
1159,365173.7869905153
2645,111521.56801229634
1174,176760.3971391966
2266,211456.85209562024
2462,442472.25363080314
1219,149151.23567461997
2922,176592.04390363916
118,141534.56730730695
474,169789.95429461641
2576,147377.99526725616
872,294995.9174217913
1077,207697.120156696
1536,134048.03295004537
1150,118349.91019251583
2341,328120.8070590866
1931,152484.59376448306
2785,133061.3137761854
2538,129992.25527449926
597,199926.66613431412
464,185709.3158411584
233,251233.91330290964
2169,129764.83178825231
2123,172932.48041415485
1867,161160.15801334998
137,255338.87618329033
515,243283.5779800211
933,119697.01472036306
2784,163887.83114261576
972,162337.1613046755
599,153834.1086194103
2614,128892.88514473717
2582,138659.58969529043
1409,163474.8977055963
175,92703.32034790605
352,216486.94827528566
976,96331.87141027127
2134,192067.43285494263
984,118034.79093431646
2396,369802.45264774107
1673,144957.35194074683
404,127653.06055449914
607,152764.51663288072
814,146799.4410503329
868,188386.7601113926
2271,180111.69863531494
1633,227641.42098790957
337,153995.0417685064
2765,177522.06108529796
1746,252833.23791570988
368,316845.2733431689
2806,204260.7072821588
1662,186931.6418624558
1234,222100.69775600632
1373,126364.82479506891
1672,118137.91308385305
1939,124034.35420317572
