Id,SalePrice
2658,154805.73282159417
2718,152822.98423793155
2414,220229.00664353085
1989,99258.4242085528
625,165114.5829188049
333,96718.67700665882
1327,108412.68328822852
858,153540.44291262803
95,187434.20400059674
1568,166907.91049090776
2482,156184.40416414212
1364,124441.72334882844
2584,144468.5020451378
818,287299.07965619414
2673,130959.07833802879
2089,121747.79199925797
1297,143514.40635118732
790,114054.77845851275
2616,193586.4647997741
720,181551.6697851016
222,142650.6696053569
557,133283.0482979022
1148,187033.709602014
2766,173769.2834542719
534,180214.0383203545
1452,125582.74341644083
630,115501.34766892469
2648,107565.03476875741
125,149664.58335346277
1904,78706.80795466906
1670,114389.7528456109
756,96675.82664794527
717,205224.69168904584
1032,150055.35096923076
852,204816.97846784742
1731,177174.37354357186
2639,118394.80582579198
2071,107258.42531414739
1267,126214.04096906132
1851,192445.6842390637
567,169213.12943829116
2439,206905.2068098625
1898,145115.87057021394
647,174912.71955145785
2256,215405.55359014616
979,97801.85817702749
1444,216079.13035524997
2485,119393.00460388538
157,126720.787640419
88,121188.46721162101
2003,114150.82849492518
186,198044.527897586
1425,245874.66267029435
2695,122383.88885585046
738,107928.85786968339
395,155334.37755602668
1353,167848.1549125756
1878,134982.98595600855
390,157773.37524306827
1456,241586.9328185419
1103,322316.3694440506
1387,124364.76502457407
2070,138838.55564777018
1199,177197.47049563602
2479,168634.38818060094
501,291005.54072112375
2362,100252.74514630197
1718,197590.49013470512
2188,93522.491285393
1483,149547.5932141173
2557,89846.06679106991
437,407181.31256354856
2224,185230.85652065705
1628,168385.18174412672
397,141894.96698774
587,184778.63983674417
971,136980.65035421634
2611,142784.0437718851
1887,110141.29040752159
2399,358292.62400551117
2148,195866.43459499965
304,111403.93672712512
1997,117482.83772753854
2817,111193.28686740287
1431,196463.50356521696
427,332369.3505528972
263,127835.52848869789
598,166744.54816274927
2895,236795.5834867013
687,142585.78797898348
1822,138498.2188965816
2191,107879.94468567325
179,119143.12034379257
1009,213097.94245952237
2010,132080.6008152332
1991,129685.85556475761
1411,150824.26456452662
1721,223881.91481071422
1144,187568.15802636446
593,213272.17822932883
575,335655.8995016167
1249,165870.9810959392
1604,125326.2029037729
1064,637450.9560703173
1923,152601.27914574108
1988,109914.28996198096
2325,167691.0244219481
114,202805.10939609137
2700,156146.58014003656
217,129880.3684085177
343,171612.17207631894
386,222802.38053786661
2005,127805.41286560819
2908,137862.57074207833
1814,247213.99508100312
2446,637413.2456522962
208,133497.9695487923
1679,112031.24732802794
822,329815.3832446009
6,186600.5672179441
1781,417784.16937485046
2397,270858.86336596956
2340,314937.07811636955
1618,183311.20578124665
2843,125720.88735451837
1061,375940.76785579656
2786,129008.44973876786
1935,137547.01866865833
1341,115076.51653971575
521,287497.44182596024
2136,132198.0184130379
996,200385.03641587944
227,136766.76250826073
135,174513.75978418006
1167,171536.68791200971
294,226123.09257138747
1776,199704.85397139943
540,160702.84657129427
1717,201959.28603812653
2303,137413.77386212218
116,173294.7626513236
127,127749.74183716309
1371,134288.73961110844
1014,133225.12567473974
1507,109532.10719810854
702,117381.29483535152
750,137376.21169964536
261,158917.1377780781
1559,70281.05637112567
577,216426.1936886208
2812,193150.97452403806
2080,150904.79670319162
1368,105679.63105919084
2376,128692.55849800845
659,108611.8661385494
1235,139577.78178134977
332,84066.0655339167
1917,139755.49722892646
2094,243824.22927064955
1460,245375.20075276424
1471,214347.84261450375
1509,125952.00381321294
1922,135552.09437695993
433,654177.0929416312
460,237773.3404989231
1116,241156.5065175285
1137,161081.1887094621
53,169539.4293642546
2354,276094.52923039556
1475,193465.3259684209
1761,858058.4860403817
842,144899.35975916396
2739,133637.46244208692
2509,156863.71935549233
1007,201885.34030253396
2610,183929.83684793927
1952,86124.92385001137
2719,157498.29672966534
2921,92715.82110506485
1966,141847.44255181777
292,108644.81751193246
1204,180719.6707066818
1829,262522.87056902883
2419,186233.5904119748
391,145394.5387585241
798,108560.32916647366
481,199855.3213297265
193,189758.03084557567
555,122762.89232665504
899,64686.927591058426
2357,173620.95916568933
328,115763.66771273492
1356,122161.87335105614
1154,111850.33585476252
1730,175333.87621735234
2249,151941.8826625767
1119,287923.41193161305
2856,138607.91049188643
1394,132616.58777588076
2587,134802.68665898312
61,306911.00541610963
2661,161874.92245098567
2711,134479.70220103624
1147,175402.53435782724
757,123190.88099714088
2623,102793.64216083416
2378,142401.8074195815
1413,142199.85984764632
1722,216796.45928738834
1112,221494.56082259875
1623,194749.0263918903
1201,178747.21396855207
1513,114651.25401106756
957,56191.21572294926
1171,261170.19989446286
1145,188640.50364686915
2726,237001.9336940738
703,139201.66637488667
760,93210.90263911198
1964,146925.80361658958
2512,168917.68996402525
159,143851.10517426964
1281,160553.61580896706
468,182515.02721214455
290,122281.74494209664
665,103152.8477986338
1463,249823.98803387416
1792,223089.3600138944
923,148631.72055751708
500,251378.8755270358
1408,176726.28979849536
331,85701.17981494285
170,114441.31323225307
2192,100101.68181147636
2571,365455.1485447116
2314,175673.67715130234
2647,92445.9681564269
422,480897.47522976965
2457,397089.61834326095
1838,199834.25986503117
2805,249951.1375753756
1645,152167.53640469216
1711,282501.944158361
2825,231024.33076367638
322,346731.0527340119
2103,260084.3202632768
342,121792.70348221107
600,132036.82935016102
488,177375.15255777686
1725,290095.8021816017
2246,283415.4857507719
2847,151481.7798385506
806,233112.839790435
530,234028.89536098432
963,181627.1629567548
2678,96653.7337136222
171,100938.92690325738
2401,456190.18614553154
805,219864.9927055489
2259,230172.5617593906
1748,185537.51418013405
1361,139333.71888104078
1677,114949.51996756248
1406,139679.9536020662
2322,247562.07220404895
688,147008.89435912165
143,141020.1072322273
804,204279.25192338758
1214,147387.85632723582
2828,146050.94183291256
1999,129353.94071245135
2467,196502.9165060014
2665,144228.50925071115
1538,453582.36232814414
398,125411.44432434218
2822,134261.09162627396
2157,142946.54774681653
1856,185083.9896986162
1269,103324.92138530742
2570,123032.00216291992
2320,232983.74250921642
1517,140617.51135100969
2304,144315.1499741427
1312,98571.63610098464
2012,136462.75790377558
506,249505.1164515131
2865,255086.84129199994
2367,105690.8710300484
554,84269.07289465712
238,129213.4886163721
1954,124842.90585749884
2488,122957.83169648006
2291,83807.00241770879
1969,111929.86907251833
2725,162334.76840124038
1482,148441.61670494062
2763,187185.49299839456
503,242427.8531425608
1584,246100.90106159193
1531,134369.5561950842
2210,163298.03992946478
459,320264.47340567416
556,134363.70240293033
1347,119813.84134450363
1290,81146.5554537777
1388,105333.91228132126
1571,105639.18177950243
2754,195704.5220756483
765,133607.99277989173
2494,134038.22999876452
2870,250086.25960941322
7,214481.1021596821
1114,239066.14490078716
2418,278445.20961601695
291,131596.98801532187
18,321623.8412859208
39,381840.9486852113
1001,239842.60073949536
2442,224062.54768465558
616,115535.21773614697
2680,78430.14084688938
1414,131329.69685611376
289,144444.75422119646
40,253699.6226241532
860,126371.22508784998
409,141348.08748410337
673,145937.9920198202
2427,174791.40308023433
2036,204690.0384579321
2564,142671.66641475257
642,142152.53790464153
1008,174252.14031272722
1908,140429.47297020402
2519,192554.7101737865
1369,100486.72336085486
2855,179383.6004818144
712,106817.50773832767
1943,115480.66776657625
1958,125412.63382946003
107,151499.4494896916
2295,194140.53282549113
704,94302.8515919824
676,159285.53162237693
259,180181.89318977823
93,286566.2659757565
106,252150.79339032766
2315,175982.93027865083
1050,117865.79189169122
1095,208201.65361953055
2709,144975.13098392505
758,124813.51302020387
1496,152302.85603147946
2370,124759.65818679753
2458,280472.57606965874
2733,124622.4410763956
161,298330.88322084304
726,142537.20629993506
845,201868.18409374816
947,249241.08398176232
2232,109682.92236481137
2563,155804.98094450645
2299,132119.75884524523
211,89316.43279298293
605,143764.97607626976
1478,194086.71345795502
2247,275902.04689475044
2274,203553.747311831
2869,216868.16573112799
967,208285.49868394062
2656,123706.95975292815
667,182357.00016343073
1042,112095.32381905019
2023,150419.9959386026
2447,385122.61207690195
2055,126093.81613785004
2275,296168.91209720646
2204,169592.6183893525
1563,273966.32756166183
483,212431.0856002008
796,123690.95292417446
1526,174688.90078937306
2042,111130.20382131495
442,338385.62775074714
1693,315431.59408565384
1468,215581.97058376242
1430,190835.55721334694
2605,124527.91186428959
1529,207530.61771885765
335,154269.8606440342
1287,125375.1409064799
31,104637.39056830351
1785,295764.0495945729
82,155578.7794855193
2620,112399.39153383533
252,185254.65687559155
721,58064.82846918328
2165,179930.25649789878
2316,188903.43530120942
775,130903.92244989889
1558,72099.26280412373
17,237225.7703428857
1022,214106.49867969612
925,128003.10233659275
438,277186.60494199744
1270,144119.74450756464
1272,126871.3276422953
215,123527.00216332873
266,227994.38453992025
2402,265941.42443910136
1250,135133.50340580358
1984,121815.639471375
1279,140406.106366692
377,261915.1252431266
1252,118819.67564736394
2156,256189.27132042107
499,308945.2335453873
1374,133755.51825214032
2898,255882.11624065708
401,122005.30364802781
2721,153313.0586223097
2078,226621.63275484883
2589,133709.17891016958
1946,192905.31386094308
1334,121930.637348354
2781,227431.78836406994
431,403080.23295235756
576,184928.71065598822
1474,203856.71152366273
2254,145371.39008335597
2155,293425.5691709953
885,98760.2943513088
643,139976.37188298986
1944,127275.63433921846
480,195087.1524001779
2845,103628.23531213429
2387,319872.4905375274
2407,205424.71236823965
2527,160729.379139083
2514,157852.6862716604
629,140355.929525184
80,211006.86766902398
1876,140843.70609186354
1546,123849.73219621376
2518,173014.07046611208
2347,146562.05115199095
783,248569.75320994688
1322,58864.71509869082
194,87344.40149530009
1770,284083.0427092779
2143,125530.94724601979
1229,197935.3939103479
511,296689.4067641329
46,228342.8695290261
1348,136550.48227674977
2465,199309.35504705374
387,237018.07721321972
873,209071.92988412225
1918,131213.8870396115
2764,237591.2315773418
2184,120997.46539482658
934,134289.91623478328
1920,134823.20836164165
2631,145094.3256891242
1768,845684.0209746617
2040,116979.02505611628
1749,213731.78233294404
834,255319.6720663291
1457,227351.61566491576
79,122374.49846397857
2302,131087.701652785
1817,145795.29595959763
2755,237117.93928918696
359,177835.66000986716
2059,116291.68559181833
2092,234296.71778185334
2516,222897.25893539
150,128598.41967655704
1656,139812.501684493
83,89018.84480796091
2411,182998.4407873567
795,76458.28087438013
2312,223553.4660567036
2917,90366.09092062918
1624,177890.36041860803
2215,358229.91786618263
1211,151744.41341955867
1485,150292.65479696533
1024,161931.19508626408
570,203649.56218205788
2874,136821.0738723589
700,115080.7866457508
2756,210307.06488895466
2022,178715.41790468793
583,248237.26990538771
2392,376005.327598744
2424,176555.13225427308
212,109500.55985185219
736,130593.18685326367
1610,151000.13149519343
890,127081.0326107528
467,180182.41562860837
578,201624.1978070136
1747,197879.02346473126
1149,159991.91141678506
2758,249062.28960481475
857,137496.17936148332
2219,296984.1131766131
733,80896.89297737805
2909,109242.28540083284
1798,268950.1631574936
235,119389.13789959702
2366,129442.5226033053
1027,136308.38437900183
1195,139288.69852866276
1303,66556.36098660037
148,174165.39682717028
608,150614.32072832168
2515,192092.01540166125
821,259154.07574857576
2500,257735.74460963605
745,108072.95713123996
741,128623.47993954457
1611,105838.19719111038
2532,127551.6103433741
1081,226378.4687500885
1692,477989.5703688287
2520,164737.85546418402
276,100509.15789941154
1992,119876.14451668574
663,75882.26606703305
418,126902.4076719248
1733,194321.4348985497
2359,149584.0620264892
253,182412.24161772788
1518,246942.59917687287
2035,121012.29174612978
2919,83945.7437138163
1540,278883.2085255904
2120,150362.8575217747
1674,168647.1657599494
256,156376.53529896738
2361,125102.36958856194
978,81376.69533699752
2280,137409.62454214186
2095,218709.6301425884
1709,346668.9136192849
2801,254829.42559518316
1246,119410.09899481658
2373,103021.79023183705
1055,294846.37741402996
2017,121416.91432555883
1099,238467.7206973943
1344,92108.00764023565
835,177897.50200188177
1117,206594.35601250973
2043,88751.09703138932
2085,117381.59841600552
410,144269.04339022757
2650,120676.67593832745
2867,190887.92379791688
1668,121294.71542668494
1161,170039.61719803786
2122,162332.99609409494
2539,148331.12045430916
1047,141199.48988894682
1445,126374.14729466123
541,121615.86196581843
569,221384.79522720314
1276,118049.6993598822
918,149483.4465790832
326,169218.88023211955
1936,127141.15764857909
895,103445.4449815858
257,149137.7568672489
1241,180566.6810695149
1545,116253.77683181841
1189,169176.67095809974
270,145408.0344486838
2066,161450.82877572716
693,112739.11597238717
1259,122702.0509613659
2916,151255.0816217866
2321,301182.3716293633
1977,92540.29720448733
1895,145754.81308514552
1240,162950.0560508936
85,148464.8404750358
1823,120289.4917739297
825,308470.22971931275
110,239451.30767358182
697,118968.31029815704
2297,122559.2327511809
1231,137536.1719685016
1355,132088.1882777443
968,349029.35780309903
584,214864.92888325508
1315,119647.84872068542
1606,147463.00146128624
206,97533.61794414131
1685,355762.039991503
2016,135428.0709963562
869,202483.99753320185
2135,126411.43188930477
2346,176173.98460528505
2430,234388.1792763055
2198,77030.69891705955
2652,122752.29806081309
27,119269.7077782876
241,165731.6677463712
906,118207.04651985092
1506,111567.3909140271
2098,404755.4517780645
1435,215468.027524715
2213,131482.03655313427
1274,141906.77790196458
743,53977.06148470637
1737,198146.14402807117
2797,280294.34877682
2185,72463.91924552391
58,172771.74599585638
830,198266.2069182602
808,115510.26028026034
680,140975.05232173338
1153,111329.03706748401
1291,119521.78547470018
1818,132032.6039835996
2161,182002.89570608543
1883,121861.24081645402
350,389431.1651455933
2473,131646.40565038653
295,194388.6010676806
293,173463.32918671408
859,136248.40939961837
288,80008.97762474748
1578,141891.86985781576
102,183029.45627924617
2831,140513.141956393
1030,151673.10671855655
2551,153134.24204254098
1286,135538.53568752395
958,320739.8865895729
776,135734.6442397466
72,232116.75036028508
2263,256293.72371014388
1866,157014.44192445438
2876,80201.0241645786
2146,243450.05612090463
103,173339.27398241588
1500,141560.91953235088
492,191131.40047107913
167,149045.65356985215
2597,117044.3150845852
2685,106542.20105116181
1035,156742.08048567682
1220,82438.41489957517
2602,155398.6759337254
2159,200774.9125881083
695,128734.0681889643
1109,256438.73692613773
640,171828.22101956516
1652,147654.2588002139
2090,173490.1625677058
1188,173124.70928120514
2345,271606.21181414265
1059,455348.69952070044
2751,230398.9792107515
128,196820.39419590702
1523,185035.1131015791
2925,174474.42501959673
2145,300286.2221434004
1121,227564.78827067628
566,259005.16153808538
565,242063.03198742095
1331,134193.4887417817
2928,127784.49699480835
156,145773.85461118995
797,128111.64135440183
327,95684.09507321598
2859,146351.90290200707
1453,124141.80111666306
1762,357379.9921242061
1868,198480.18731339392
1760,175780.70481737464
1113,244643.9884471377
1812,191852.59455904132
117,157248.91469339374
1142,203212.57227314016
2342,441161.88440518535
927,137794.76278951645
2478,178970.2864256933
655,90007.47729988534
2064,120653.16600496182
369,279263.5632785095
2239,112535.11840801816
2732,214656.51933550162
1653,158053.34096072178
959,209166.57470460696
2395,348915.7902530566
1412,104194.67880265113
271,220556.08894956415
1484,148581.4944719479
1497,148558.81814188111
552,157501.76956472392
2,116264.13805618513
1855,302418.2399359941
4,259667.98564111927
2292,155195.04597862603
134,143441.85466010997
646,113293.07337557532
42,293368.44949698343
532,228036.32184457526
713,86850.73572461003
2561,135593.24864792803
2360,135626.43053599275
1333,119497.06951397365
1407,252872.70781911697
2892,327860.93766260316
574,210771.07168847232
1227,174608.9966432134
2591,212252.02460271356
1476,209728.6151753629
1125,250784.1560177716
1446,153177.2727828814
408,120476.99873472285
1101,288941.6254967811
2251,192798.98718409595
373,174526.4905384467
2554,133595.18667602996
2382,262774.9512264578
1985,88105.09735590068
519,246781.6227069297
1093,189580.242772384
864,246498.2595555915
2889,145803.23007558423
2308,177538.5882606222
986,163749.73987903915
1302,138356.55456919887
585,154099.4579015242
2708,152166.99213126017
147,134756.88884824634
1441,226518.1404366328
383,186812.61542143484
285,140707.56689088146
181,109882.81612704713
358,204303.92545122327
780,168693.9410067668
258,195951.49850405363
1865,231877.9181413449
692,118301.75456985374
2902,365180.486280453
508,267806.61804022966
2638,139610.29725012256
36,141085.98938181193
611,167490.95360024797
2281,148579.8196962296
1678,112086.57486096524
1696,528304.4110011489
1557,68282.39772572786
2180,155226.5935978997
1726,213424.55696921394
951,146467.94007852572
267,219957.4426333168
2706,139249.21319889094
2221,255061.7784896842
1357,173007.08105269037
2901,342136.11443689873
347,179496.4980887803
2164,187846.54066701865
1586,325764.24008583225
360,155644.33918824227
1769,242050.84077635143
2617,150364.30750989536
1879,138609.07580170827
991,257617.26391108174
1535,120592.19690255926
1191,139631.5273892458
1579,215941.17804353972
1882,148584.1516535036
1510,125935.50436976603
2196,157758.8771529616
1845,177951.50436022063
2336,402744.85920460534
942,89746.58287337223
861,131162.65981493922
2555,120775.99342897182
1392,156891.8668160918
2099,258283.90421628556
1543,121805.88288335483
948,272219.9337310777
1239,164812.16562381785
22,178034.6469992176
2796,236325.23511247805
2747,174580.34994082866
92,271885.5324806764
210,166622.60018460205
1858,188727.56236450977
2228,153251.4725234697
447,218474.25922656272
827,242723.83952745443
1649,208132.4457793726
682,141314.8402631477
2698,107106.98296587697
494,167855.48273222527
214,63646.07015931685
2441,230972.51615492094
2679,105817.90837500725
1336,121965.25106507057
465,176465.02603162988
1524,137706.5708955465
2543,112923.11308171386
631,148748.08675234162
2452,300868.89841714466
228,153908.7181388941
126,202959.65378235118
1092,237847.39725343045
1122,207660.2450577956
932,237978.82569707892
1980,93150.72097484783
2171,108864.37810285273
551,164919.44473669067
2768,174404.01436181398
2056,113983.2225981124
1159,361077.2955291128
2645,107345.3609060562
1174,173604.83133128946
2266,214378.32209522848
2462,455621.448714047
1219,148908.34991562675
2922,173389.9058365653
118,145437.62993180312
474,170644.54610176457
2576,151777.35515142637
872,295822.47981019923
1077,207903.24744953754
1536,130185.8858486547
1150,117320.70297537073
2341,343555.1782287768
1931,151375.51766023855
2785,129333.81967081473
2538,132947.9518346253
597,198826.6497823311
464,185201.36612528417
233,259285.8710481964
2169,125871.4911300905
2123,172204.13088171542
1867,160480.0157983959
137,261815.62271322164
515,244954.47246853448
933,115003.54567733213
2784,164984.9092120642
972,163745.59231225244
599,154184.55472807484
2614,125065.09376586665
2582,138024.16035721294
1409,168944.82830907186
175,79937.05217458279
352,220812.13769789293
976,92934.70413763127
2134,190432.77205193724
984,117381.35398407582
2396,386134.90082120243
1673,139413.4282055262
404,126483.98296513192
607,151123.3892388252
814,138444.0018358888
868,185988.29628468043
2271,184643.00313625915
1633,229515.2255126632
337,146297.8319837362
2765,189823.9654465246
1746,256860.35421051836
368,335706.71157486236
2806,202939.37595779478
1662,190401.32339699854
1234,218330.4159337134
1373,123724.7006273705
1672,120523.17539321996
1939,119462.00869935025
