Id,SalePrice
2658,146844.92165532318
2718,135498.57266764183
2414,201553.59452265463
1989,106293.24846259979
625,161742.22863873726
333,99976.8862478509
1327,110911.19172113942
858,153488.66885867217
95,184777.28426518178
1568,175495.68093616428
2482,161013.9755874433
1364,127887.5233118859
2584,150623.4595007872
818,256463.4047253768
2673,158749.82610922193
2089,128648.50368930625
1297,129378.60660028696
790,114827.54532719975
2616,180634.66855903063
720,214416.1783171653
222,149288.0222011131
557,128239.6515589723
1148,195457.845551006
2766,156895.97693219
534,196583.47638831916
1452,120680.14850730647
630,115707.68198586839
2648,110417.76021894232
125,147816.54539895686
1904,67347.49620058638
1670,108197.09848663765
756,95905.90872241124
717,202189.99724234364
1032,151067.59974286606
852,210239.81247057652
1731,178566.92783081564
2639,124183.87160737091
2071,107722.7200064402
1267,101772.34497405561
1851,187250.18026911106
567,154669.28804665568
2439,204961.9507936501
1898,147613.86867145397
647,169817.56044413245
2256,220053.51009380663
979,107140.3289943566
1444,218212.4430302092
2485,116067.31481404293
157,120510.46867309614
88,121261.60089892354
2003,109964.26049766317
186,215070.25488577344
1425,242340.38799682877
2695,121190.35242777031
738,92153.04280592488
395,157400.08221362805
1353,159704.83019906463
1878,132211.9463804925
390,170354.6666888636
1456,241321.88446840644
1103,329246.9258342064
1387,119218.75383582721
2070,143875.72863533333
1199,176602.69528734367
2479,171876.92960029072
501,282586.3486319438
2362,96222.9201786753
1718,197968.90873239425
2188,80842.16015282425
1483,148509.75769927853
2557,86269.4894987751
437,387072.35066375043
2224,185159.2086159074
1628,165959.6203268834
397,136251.06390604938
587,195899.16395454103
971,139678.12161213518
2611,141939.1411639662
1887,98518.27962795482
2399,389694.6239248315
2148,198420.07231317423
304,106728.61863614613
1997,127552.39971298742
2817,116027.76126065242
1431,189059.8198685685
427,309648.6386964726
263,122478.59382407513
598,177212.9787983604
2895,241331.07276676875
687,153020.72404615284
1822,133333.36550240155
2191,111127.21747836667
179,130852.65604140406
1009,192626.40803768454
2010,122584.15609439861
1991,133870.8701184311
1411,161667.86029496373
1721,219437.99269190605
1144,188951.03204826746
593,219130.92383134205
575,375359.4288347632
1249,160955.63474429055
1604,119103.5407777862
1064,582118.584186386
1923,169827.84970644274
1988,107395.71758376867
2325,165106.31415659515
114,201724.56296778732
2700,153465.59572654893
217,131564.00479890004
343,171962.87103910733
386,227962.5434080849
2005,125978.80825983749
2908,152444.96917962
1814,251741.25268261426
2446,687284.0677061185
208,138827.12882122866
1679,114374.84194773459
822,345562.727245848
6,203814.62984994618
1781,456322.91586249834
2397,278481.89860561636
2340,304592.7786051415
1618,185092.80028595307
2843,114438.74694612571
1061,387480.5713848083
2786,125825.49202423941
1935,130198.8716591116
1341,107620.78845184381
521,267689.1605858638
2136,132313.65375259967
996,195868.77513208496
227,147136.4880652025
135,170727.73982487485
1167,160746.16905721457
294,217222.99525977232
1776,208592.27848019524
540,177451.91368078426
1717,196350.6073028426
2303,123808.48330287597
116,189010.90055806216
127,121489.7589945642
1371,127853.73618976219
1014,139660.18341654952
1507,102528.250586885
702,129775.85732388249
750,143456.6864991872
261,156814.79778718235
1559,85946.9161927189
577,204648.71081529534
2812,201075.69699045998
2080,155993.02444055298
1368,115718.64995974115
2376,118991.69913785877
659,100181.631949386
1235,133248.208518739
332,87510.31941411573
1917,137907.63949766094
2094,246942.56762166656
1460,262081.7396538103
1471,212414.24069199193
1509,123817.76045436501
1922,131952.04812325456
433,580717.9293494116
460,249286.59045760854
1116,227577.8232056659
1137,173411.72868658407
53,168185.4404184545
2354,263139.1820303633
1475,196065.0223725565
1761,636148.3830711431
842,140519.64356705232
2739,151638.45987085017
2509,150579.7211429021
1007,206672.97993772288
2610,183047.22195202208
1952,86799.69491774228
2719,145292.4596428024
2921,95600.27875460433
1966,130806.09744215007
292,113484.63460284818
1204,190606.22403449024
1829,265141.911533461
2419,178158.6082540718
391,144564.91533259992
798,109526.25014052444
481,196781.5097762282
193,188916.97630363933
555,118470.17735273116
899,77764.4666123672
2357,169921.5571755433
328,128016.68150751092
1356,112871.22093193505
1154,104934.43723398542
1730,174635.38875130223
2249,145719.25692164403
1119,270762.01961664186
2856,136306.72708047333
1394,124455.74693725447
2587,132122.9080186135
61,298099.419877975
2661,169554.57893831853
2711,133993.1806802945
1147,182653.81124475598
757,123886.94085745217
2623,89552.6138120771
2378,137697.9818348474
1413,137423.99097106862
1722,205368.5802067898
1112,218323.46617945321
1623,193149.97371355732
1201,181743.63125513023
1513,113203.27833364147
957,2129048.2057275614
1171,259818.19499904153
1145,188618.55316976822
2726,251062.379801352
703,160578.46740990246
760,89722.07806948248
1964,134953.71770195267
2512,169509.09138366638
159,124249.00443906162
1281,156211.61879019174
468,179009.62777011172
290,119528.52491464729
665,103558.44456239458
1463,259897.8345131797
1792,217572.93324027793
923,136509.65402688307
500,269835.40030632593
1408,229033.39077243672
331,88445.26251009238
170,107179.73855475566
2192,95512.454702252
2571,288222.41718037723
2314,175447.3271462551
2647,96805.82836713549
422,466654.42706683837
2457,350503.97735422384
1838,196708.5715151433
2805,258400.37777520262
1645,153731.75212051676
1711,291259.00655132206
2825,260539.18114578628
322,333230.93116899184
2103,250244.32608485996
342,117745.14094409565
600,118160.40394066129
488,184167.88627738395
1725,292998.69213129015
2246,269739.03119566554
2847,156415.04904786922
806,249524.64983441934
530,225231.99224127375
963,180628.54884125976
2678,86488.463134372
171,92942.67456392884
2401,471179.28168359166
805,220668.6345713271
2259,216072.29069734475
1748,176625.9965967406
1361,136713.19342380037
1677,114103.7013369405
1406,143314.68289399106
2322,261478.37186136036
688,147826.7607396142
143,142171.7525858582
804,203995.59931677819
1214,151666.88850569236
2828,151283.56197679712
1999,170686.13028713092
2467,186322.79644254566
2665,156813.76956289008
1538,385031.35691841645
398,114334.99794186377
2822,134515.7868118855
2157,141394.213526949
1856,196608.14414622172
1269,103714.77709226107
2570,118436.95139966428
2320,234481.8230921524
1517,142736.49774470984
2304,124605.67898677253
1312,97132.9365964353
2012,134592.58875733806
506,272303.5361809443
2865,210952.30013175213
2367,102090.30504841429
554,90804.58782916421
238,133240.46223775117
1954,117677.8844708506
2488,137705.19502400843
2291,92509.4049139365
1969,99566.28038558204
2725,156848.90728459845
1482,147892.4075362019
2763,193594.305643208
503,240571.8515614433
1584,252776.51212525606
1531,119587.45712604646
2210,151380.75637062508
459,324793.21987637493
556,132259.4698527688
1347,130628.87240404001
1290,81504.71748567466
1388,102785.18879713258
1571,812153.612920685
2754,194714.95793459166
765,144514.0693090303
2494,130774.77934863837
2870,200173.7425485255
7,203238.3187608571
1114,245606.92620262827
2418,281697.6679117945
291,109866.25351389399
18,288928.79210168665
39,377246.0637979199
1001,245996.6427824278
2442,224746.4911493612
616,109826.70304347256
2680,75729.35892651808
1414,125956.17055298162
289,128362.01156065692
40,241274.7301862587
860,119912.42155240753
409,141091.48819871416
673,148747.4325830438
2427,165934.15710112074
2036,249421.5325134433
2564,139822.3525492143
642,126795.71201261094
1008,185638.69004477048
1908,132546.93565337488
2519,218006.31330041116
1369,97474.52310012843
2855,147246.69637918452
712,93814.71319825096
1943,111132.3071507974
1958,130124.88214745793
107,145388.12124790795
2295,197820.5193728649
704,99908.74814446278
676,134493.55015664364
259,185121.85012987183
93,283733.96925116295
106,232363.2135821131
2315,176738.46244448936
1050,112098.83065092571
1095,208089.161324272
2709,143820.8130911226
758,118704.71832408625
1496,160348.96579337202
2370,124025.15873041477
2458,276663.72072692204
2733,128364.20788424376
161,277270.7902482242
726,154254.10771292384
845,210080.67301165703
947,253041.45485463558
2232,123048.27868778644
2563,159849.46397840464
2299,134499.10965338434
211,91118.64156123194
605,135817.14969240065
1478,202679.78341354567
2247,264901.835929724
2274,162630.3538805977
2869,195486.71003371128
967,214335.83106282644
2656,124260.26934311722
667,179807.71030272008
1042,107268.18703673425
2023,155423.61495545268
2447,416233.30664219626
2055,116373.83212561933
2275,279782.6667765439
2204,157203.51311312287
1563,269389.1778794344
483,207702.34924053217
796,130875.28451942254
1526,153926.47459773658
2042,121162.93904561491
442,344742.69047326647
1693,313924.925838309
1468,215289.22973339507
1430,185538.11997167452
2605,123721.40057288989
1529,179750.599663554
335,160339.7937207163
1287,136880.39636974753
31,101058.50082995136
1785,281430.94647275127
82,155254.10236021763
2620,128929.82983187963
252,192234.12069683213
721,74559.48973630955
2165,177948.10230871977
2316,185490.07450285938
775,125628.31876598006
1558,85422.89018137597
17,233629.8358511863
1022,219745.62505546125
925,114307.29685225815
438,265790.846311349
1270,135274.88047193192
1272,117932.3929907125
215,127992.56802699112
266,231019.62061613172
2402,264990.91104045213
1250,127996.03198960783
1984,118817.33619396035
1279,138962.78590578787
377,268179.2101508058
1252,122140.70941178684
2156,268995.0058026422
499,328324.1335894184
1374,126331.83125552328
2898,258328.05841462067
401,115538.39192662972
2721,147945.58658944376
2078,190998.0338577067
2589,126489.14275159496
1946,202644.55164342432
1334,121005.4454153467
2781,221675.75504458518
431,393734.86763033766
576,204092.41474726968
1474,206976.79843287013
2254,152133.8580284329
2155,290128.34820038616
885,111653.72982835246
643,135944.44126029397
1944,121514.89894364608
480,193090.71103660983
2845,109669.23510890342
2387,309688.447934655
2407,192118.4051401052
2527,162198.32521962552
2514,147252.6130536088
629,138933.89034204264
80,223465.49991777996
1876,140717.19671448262
1546,121635.80964704667
2518,160373.98637615974
2347,160457.71480733503
783,236978.10213440185
1322,71155.53700703113
194,87112.99744448905
1770,286102.42449403123
2143,127712.1418128049
1229,207605.65045626374
511,288993.8170559495
46,210010.01761487144
1348,131687.39686962147
2465,183994.68393211422
387,225896.91285500495
873,218043.95866260288
1918,123609.46088081182
2764,241097.72248371848
2184,122262.39890415838
934,135038.67180365845
1920,129023.02066737514
2631,139527.61943781644
1768,749721.7037987099
2040,115159.62971656093
1749,215631.31114168515
834,241009.6430458817
1457,239575.37750710995
79,116565.64776531099
2302,122659.60755612804
1817,136947.20769317893
2755,233782.63087135588
359,170504.05378580483
2059,110090.82598621304
2092,244888.6266983012
2516,221067.7841288675
150,121979.13812505658
1656,148787.7886052966
83,96097.27475517274
2411,178372.0367427577
795,85454.70046548989
2312,226433.28907427404
2917,97604.0977824023
1624,172212.5538466506
2215,262716.06239463104
1211,153635.5839668628
1485,150081.76641939118
1024,168506.78052540382
570,195392.19695174653
2874,136969.8042257796
700,105488.79176930849
2756,208187.92515903796
2022,187352.1725059247
583,230843.74647227285
2392,366487.1752192962
2424,187420.62760723272
212,115422.88484480357
736,132416.06245099637
1610,152304.07585608127
890,119983.73684623472
467,178380.25463750522
578,219862.5249509733
1747,189258.17672669375
1149,165246.7987111151
2758,254617.03140741165
857,130068.13408712922
2219,255444.47597313367
733,113046.94395405918
2909,116508.34390172781
1798,254009.8206071176
235,111029.77076726768
2366,135955.99606907315
1027,136020.54193283993
1195,129766.42533742033
1303,60992.19648323694
148,170776.88000783816
608,151970.5025837633
2515,190085.4994523561
821,270344.7699003923
2500,267409.42432103655
745,105416.51493706724
741,126186.59694780572
1611,152534.40574789626
2532,125034.73627846909
1081,226839.68689422894
1692,462702.4346917772
2520,171513.72243518493
276,104190.89032426568
1992,130826.20542019319
663,65174.26833657789
418,125315.60896245726
1733,186309.44390100677
2359,157248.0725820985
253,185539.1919514238
1518,192432.63199953953
2035,132433.8999057832
2919,89317.95125219383
1540,281604.406264887
2120,147597.3425460738
1674,175563.6406610611
256,151202.49017837443
2361,103439.07207255233
978,88595.8095439118
2280,152764.21277578705
2095,231183.0807484266
1709,345340.2672309061
2801,265184.3223643976
1246,106639.37397339733
2373,104928.73982500377
1055,279358.6336304905
2017,111734.23937766193
1099,248866.9087299819
1344,94199.5976531959
835,175363.0389240921
1117,208697.02737867343
2043,95486.5100698104
2085,125308.63012128849
410,139860.1958548668
2650,114619.3077067042
2867,174749.98285657298
1668,117616.6781207509
1161,161414.3132401222
2122,168513.91449340276
2539,149901.19792761435
1047,140626.84887869086
1445,124483.71964842193
541,142632.20139784963
569,209873.81708743275
1276,117001.30984955127
918,133653.26093022784
326,162799.8692794455
1936,123328.28307154197
895,97602.50593690743
257,144698.36617565266
1241,185946.74923260947
1545,119406.0805720623
1189,177533.19055464058
270,144620.6326009541
2066,151089.7579691569
693,107972.62787728853
1259,127219.6226482088
2916,143236.27160203605
2321,268925.5365881213
1977,106397.69057894124
1895,146518.47088323822
1240,161419.39367670083
85,151087.76157113194
1823,118351.34755506567
825,326181.9069030194
110,220728.8368221072
697,117905.42279979333
2297,115633.7272589773
1231,135805.65257949303
1355,128277.81924634421
968,376859.8821206188
584,221053.2098922453
1315,116842.43262991453
1606,147115.5941807539
206,113730.65096620933
1685,355493.9442819956
2016,133240.888095223
869,208488.64382388932
2135,124071.23364131941
2346,176525.32663149328
2430,224447.17616544123
2198,90556.33393464478
2652,123573.78524014821
27,109376.52013521564
241,172555.62168186708
906,117890.42572024716
1506,112301.16594105022
2098,397631.5067559373
1435,217904.28235149212
2213,115883.25699270387
1274,140498.7197453072
743,67099.25575688317
1737,187878.31592764988
2797,283781.51010876097
2185,81067.05308637916
58,171823.865405819
830,200014.12255229737
808,119969.62125383232
680,129835.18775938162
1153,116849.49690564266
1291,118875.57883194428
1818,135882.02084272233
2161,179500.43480346908
1883,122911.37098804946
350,382713.809653013
2473,152538.03858881973
295,171724.37105187384
293,181376.86253369588
859,128053.149129843
288,74432.08995492142
1578,148824.10492063448
102,175471.34014153422
2831,153385.5406233859
1030,155721.76223881403
2551,149304.40764848577
1286,148113.70345088159
958,318529.4742824757
776,127373.11654210155
72,226293.22051006526
2263,244148.87688494
1866,156657.35867445235
2876,79519.25589101399
2146,254903.5257135654
103,166076.09490748288
1500,151131.11359662554
492,205423.82626086136
167,139694.92883583778
2597,115051.20192685557
2685,105762.83763264932
1035,158038.14152256987
1220,72912.89611437918
2602,156288.53652650243
2159,204319.27137813508
695,135582.6490639478
1109,260979.5974904014
640,170882.26777542243
1652,155328.95144117708
2090,188858.26831957162
1188,176517.14158969588
2345,262796.7207586182
1059,442893.3667596658
2751,234479.2617241061
128,196986.04811961539
1523,165369.7942210455
2925,188438.47460892997
2145,296939.16338258696
1121,204386.68556395295
566,243061.6556395074
565,255638.41688709235
1331,127127.53150464216
2928,127184.00338299791
156,143351.3913781551
797,126602.22189516478
327,98185.47206713656
2859,139006.13135351313
1453,116048.12080756311
1762,347807.8989949645
1868,207798.4665970439
1760,178392.01779559234
1113,237999.8873811271
1812,194960.57424715252
117,158319.0081549584
1142,204871.77595856396
2342,426686.31550882576
927,129900.15006643177
2478,189540.01393477657
655,86568.42926896094
2064,123884.00884855319
369,263055.9650972947
2239,109113.06284543665
2732,219123.70108535668
1653,166262.0309613898
959,212838.56350173402
2395,332243.40044165874
1412,117012.55088190056
271,253061.90262259857
1484,149077.32983975642
1497,146786.4866626625
552,162304.40005083036
2,117853.16225217852
1855,298387.0446352695
4,267675.06402673357
2292,150946.93187590325
134,142208.03380286586
646,104552.70971307307
42,290218.2263000092
532,219884.8178965428
713,89669.56429477858
2561,126148.36993477329
2360,133052.9181268658
1333,120971.6191536025
1407,285851.22256115853
2892,316175.3608891774
574,198970.256252827
1227,178932.13864812863
2591,225267.01781279864
1476,214361.5521147005
1125,250656.8501036925
1446,140126.04404801692
408,118838.47103493901
1101,296824.2505095223
2251,184255.20443295932
373,187876.25118263217
2554,125362.7317724607
2382,256864.576730603
1985,85689.38358685361
519,221349.11531644757
1093,189149.92269614508
864,259879.26054603027
2889,147750.7373311497
2308,165009.1544536061
986,152524.96477335805
1302,141158.11243483194
585,165464.23370516155
2708,154168.284314044
147,132647.02892261735
1441,231113.8412937104
383,194060.67615695822
285,140458.84809689975
181,114298.75082659019
358,189547.80573688936
780,160229.31524664068
258,200064.0237088108
1865,209543.9485834219
692,130307.10255414987
2902,341950.2041590554
508,253920.00940316913
2638,137693.78883753673
36,138812.9522571346
611,173023.74192573535
2281,131600.85491361187
1678,117231.15300853079
1696,486180.2498370279
1557,86405.46265564006
2180,159011.69098435005
1726,201293.00581867792
951,143373.6999901865
267,220528.84999693278
2706,135054.323269068
2221,253196.9610232953
1357,178820.61970970512
2901,329899.87744489085
347,178630.70285378775
2164,194004.44370209062
1586,318076.1750455973
360,156059.84151067093
1769,247701.57975541617
2617,153430.9090342354
1879,129519.85813659229
991,246209.917698628
1535,105597.18251558366
1191,151032.4852785082
1579,205382.32167200913
1882,149021.42493744282
1510,133936.31603920145
2196,133275.79343542916
1845,171093.30052196406
2336,365958.7987401326
942,93700.24951524884
861,127378.58319305781
2555,107915.64440845995
1392,149057.47253938363
2099,248852.02445432704
1543,121983.3570189103
948,282645.2644633726
1239,169603.38776321535
22,182271.38266378932
2796,248234.09066638656
2747,177045.15264875808
92,285309.3553003576
210,161227.42685188458
1858,213631.47925614432
2228,156972.07325540486
447,209241.38411023025
827,248136.39331786628
1649,197032.38081451153
682,130812.28033365394
2698,111958.50923100683
494,179492.99484081485
214,82264.6131092372
2441,240212.365567871
2679,108160.59959533116
1336,115959.93113714074
465,182216.2561123859
1524,128733.7716702035
2543,113089.30397014736
631,132739.97636367916
2452,307485.9147700378
228,154960.60289130814
126,177438.26285489884
1092,222325.02559052326
1122,198168.20446382108
932,199699.94132304715
1980,91906.97541965025
2171,106608.6383677535
551,166696.42013866577
2768,164941.53298356096
2056,110126.7480905779
1159,335010.195560276
2645,115592.69556840953
1174,162484.03407074595
2266,217512.06257008112
2462,433930.15909108176
1219,145264.39551387526
2922,177565.9351503199
118,138529.49640071523
474,167524.21061255096
2576,148648.50446405046
872,316621.3589592451
1077,202797.62049332325
1536,131489.42642322846
1150,118809.34817703342
2341,304467.8934406209
1931,151749.26064140594
2785,129575.47455048886
2538,126702.12634964359
597,204523.77219862185
464,183019.1263200818
233,237120.50569928504
2169,125928.02119724838
2123,170497.3867308045
1867,162784.48244091612
137,242520.84940308257
515,226638.42984690669
933,120845.58161796028
2784,167696.68570719013
972,168421.1260684429
599,153924.1463834253
2614,115691.33533422154
2582,128999.08277886109
1409,179741.64304711288
175,89671.25411007807
352,199606.88614113795
976,100552.09659897824
2134,194516.1793803024
984,112838.54419869785
2396,382398.17690200015
1673,134560.9051066232
404,129513.11011003472
607,151315.60044395213
814,129151.96024520781
868,191914.43758566712
2271,186445.4366601584
1633,213580.91506485722
337,140358.95756108745
2765,199645.67579179126
1746,259587.98265484316
368,288867.4915810185
2806,210699.38374276928
1662,195828.56369803948
1234,226371.07637638706
1373,131250.10573677492
1672,116051.1101127502
1939,118527.47098833181
