Id,SalePrice
2658,152748.4115831486
2718,153487.1830324512
2414,219611.27232932174
1989,102281.84588381047
625,166445.1958495901
333,95632.96801309478
1327,105305.9328501017
858,155356.86036787264
95,183663.2102092151
1568,162715.72788758943
2482,152297.05040896568
1364,126814.3391818152
2584,140348.37905649608
818,274714.4073877168
2673,127135.36040830014
2089,136016.72995834448
1297,149116.50678265764
790,112416.24020583784
2616,185645.52338960607
720,185141.10471026774
222,149402.4095592175
557,132849.9981338455
1148,182211.49009802204
2766,164749.82393918434
534,181501.22914473285
1452,122063.51481365477
630,117750.01357945027
2648,111572.61316545359
125,154687.71881404417
1904,71935.69365855216
1670,110535.75768687252
756,80402.0471462781
717,224716.30469719652
1032,151292.36452337285
852,204139.48511409847
1731,175068.24019455188
2639,110031.40511494527
2071,104972.52194173721
1267,127316.03306701603
1851,191106.29885324804
567,167459.8232670035
2439,207549.26214757067
1898,144688.38597366502
647,162893.06953697035
2256,217695.07296433247
979,94296.08661313902
1444,217378.6280587355
2485,119194.63004181114
157,127565.77282568061
88,124128.37204347037
2003,109117.25300776059
186,216211.05046905667
1425,236899.8504629207
2695,126834.5683945453
738,111059.12002231799
395,154212.3979841663
1353,163648.12186506993
1878,137851.53082142712
390,153009.75047919928
1456,235808.15643585002
1103,323226.0379313753
1387,129001.35381039386
2070,150460.600019098
1199,168469.65188401588
2479,167526.1201780675
501,309947.6063956071
2362,97618.4386127516
1718,197447.0121896759
2188,101489.14024022235
1483,149697.64189369127
2557,95763.80099341563
437,390790.39809345716
2224,164104.73749021065
1628,165829.4052063867
397,141112.19948359317
587,192169.05095967546
971,140263.2890702348
2611,143853.72013686245
1887,104398.6049797169
2399,364191.21622282703
2148,193876.267746862
304,111833.8744739567
1997,119779.42552393509
2817,118134.42322145293
1431,202409.1988231614
427,323712.80663812556
263,123609.06458349516
598,168630.32154404002
2895,232055.46495515382
687,113770.26619646094
1822,135381.2021379558
2191,107560.6432323048
179,117963.64902886609
1009,209718.45991423455
2010,129323.54286454398
1991,127955.93284718962
1411,150441.61009380524
1721,214635.88251495134
1144,185593.7837451714
593,213823.32554625638
575,281254.9135445118
1249,146770.1853620465
1604,123517.17186113444
1064,668233.2059821456
1923,151795.99013456705
1988,109360.4984599718
2325,168965.58053055822
114,200799.86952425796
2700,157093.34560950962
217,124259.06069120737
343,168412.800754658
386,217276.79570486385
2005,126664.64529062378
2908,141088.558304647
1814,233981.55891631026
2446,632851.8703582304
208,140529.8581380506
1679,111753.29017853229
822,325736.6575424568
6,191694.67274898043
1781,426393.99796704255
2397,275773.49895230314
2340,316099.7375790086
1618,180584.85780803557
2843,91186.01163268539
1061,371927.43040362414
2786,131401.843882764
1935,136277.78683346527
1341,113509.03913973416
521,277449.0056526542
2136,134669.26838682411
996,197243.76431451322
227,134350.13297781796
135,173932.7049078489
1167,172262.9404725022
294,226872.99070637807
1776,201293.26495807077
540,160218.8293382644
1717,199823.90528333408
2303,136017.2572595336
116,175150.512134614
127,139580.14170003415
1371,131745.66757388617
1014,120478.53817479224
1507,119630.50613661611
702,118079.33190225695
750,140422.5290281174
261,152775.3920730467
1559,72861.54449635682
577,222264.9545239109
2812,193811.34384262847
2080,148514.30156598525
1368,109380.421962804
2376,125803.75897635035
659,108150.86869661664
1235,138490.66587392896
332,83606.92205039308
1917,140494.61904140937
2094,252476.63912867484
1460,246467.59712634186
1471,215859.00940444326
1509,124103.75180384504
1922,139093.47358682094
433,686822.4729989818
460,232734.62219151584
1116,240310.42290546594
1137,157493.2773483058
53,168158.1122352098
2354,264791.25455883524
1475,192040.1736579119
1761,808173.0842081048
842,138088.21035568128
2739,138600.6427422987
2509,150032.7384038102
1007,201263.95345067058
2610,178631.26907964345
1952,88878.86518614537
2719,153704.57275708637
2921,87675.94863431521
1966,136173.98102842923
292,106983.67435574664
1204,183765.77142004375
1829,293913.73577984434
2419,184787.78792718583
391,143980.48666237266
798,104683.86439055586
481,200474.95033337874
193,194548.85412114373
555,123760.9649130806
899,64309.38667457492
2357,172467.52736825056
328,115307.09977357401
1356,118510.47729415503
1154,104521.15928563965
1730,173637.76460270173
2249,154808.9857211403
1119,283745.7487862179
2856,135095.92054932282
1394,137819.08550375325
2587,126932.22579301661
61,309151.4236119445
2661,168493.30167557555
2711,133994.52426927377
1147,183753.0261446232
757,124238.11871161858
2623,101779.74058136501
2378,144577.10070225596
1413,140515.04689464596
1722,210393.16274310916
1112,221865.97651047603
1623,191640.86340695235
1201,181280.48822925496
1513,116936.69838283146
957,207861.48550072813
1171,265819.0860755975
1145,189158.68946268983
2726,221246.3941169984
703,138856.11412702285
760,98058.48998940356
1964,144399.92287880916
2512,172299.71723884152
159,132237.254111726
1281,160835.73549265735
468,182286.69077559927
290,120146.4163324971
665,100638.79138903413
1463,247317.94109443726
1792,222051.8046646017
923,146537.3642521453
500,257409.66728108277
1408,187812.79985676316
331,86488.1680743756
170,111265.87585298404
2192,100316.59794151734
2571,177704.1802915558
2314,174233.85195567773
2647,95105.06585224386
422,478519.1100365044
2457,387222.43770186586
1838,191493.12132707695
2805,248996.3426559526
1645,150451.3845633588
1711,289116.2638905404
2825,230492.59985710634
322,336305.7517697032
2103,250984.10324751533
342,119780.33387596776
600,119472.39849474105
488,173860.9834664349
1725,286895.4206135888
2246,294042.7482914918
2847,147486.1623022329
806,234631.34281494506
530,232546.0637699584
963,182249.98782808695
2678,94370.44655603403
171,95892.8059321046
2401,479090.3083057805
805,220098.58490147194
2259,227814.2851796091
1748,185071.8858210885
1361,137460.37001183926
1677,113533.59781767774
1406,141038.17111593546
2322,251139.75167406487
688,147035.29566848188
143,139452.29313736007
804,208147.80476566433
1214,139606.7174136195
2828,140716.17970915776
1999,133581.04992344324
2467,190770.64325586506
2665,151321.80603177586
1538,438436.76040966384
398,120207.2888525425
2822,134314.00157311803
2157,140885.0978804774
1856,195397.24758163112
1269,105184.10516225969
2570,117669.44093768201
2320,232658.02396965932
1517,142698.5706512924
2304,137465.19025562855
1312,99538.2812751323
2012,136794.28963872086
506,249119.09734463494
2865,230092.13365683262
2367,102593.36880425767
554,82601.56190579815
238,129203.78444547566
1954,122089.77183809865
2488,128905.07928368557
2291,82608.29154831445
1969,113514.57608852423
2725,157357.749840025
1482,148010.66105503243
2763,189601.0047554157
503,253721.63279633003
1584,244159.8110677773
1531,136249.02805595132
2210,164410.16901626898
459,319205.25622601755
556,129250.75622806975
1347,121293.51196285359
1290,82952.77104026405
1388,104473.75603375379
1571,172222.95986689255
2754,189179.12428215754
765,136317.7641839492
2494,129912.17813628516
2870,243255.9843614957
7,208901.3002013621
1114,237140.36646926025
2418,277343.1968979812
291,122006.10622328821
18,317968.81125107687
39,387083.9858598586
1001,239823.3847189319
2442,226067.07227472824
616,119912.49042697545
2680,77684.21379579195
1414,135690.07652177798
289,144222.75714672697
40,241844.42713884875
860,122233.97359285374
409,141073.57647179413
673,144911.27658385344
2427,169295.33394940136
2036,203523.17000581842
2564,139883.5314539138
642,143267.56102542102
1008,175678.0258912477
1908,137353.94146969667
2519,205664.1753032586
1369,105041.08463075741
2855,169120.51921882102
712,107138.80151098498
1943,120136.28821428427
1958,123767.96214132287
107,157883.4194899856
2295,185965.98332711362
704,95649.287982978
676,132792.0106212026
259,181314.1697940745
93,283889.13052064995
106,243716.11943367883
2315,175744.10766635655
1050,115184.9957517789
1095,206635.75932208324
2709,146065.79135202256
758,129231.41064670499
1496,150521.73856321746
2370,123315.94516994896
2458,274513.559848137
2733,123597.26220678815
161,275468.28466575657
726,150613.4652556135
845,198975.106428411
947,249573.68733605955
2232,116719.18181602572
2563,151357.7515465369
2299,133164.44057363883
211,93680.12179266285
605,143001.2564032971
1478,189425.68587635423
2247,286365.0780342243
2274,195259.1598380543
2869,214600.21441684527
967,207997.9799818784
2656,121451.22266874426
667,194355.17341657027
1042,108949.09779492652
2023,145595.88912219324
2447,395414.16067696665
2055,120571.73433398026
2275,284563.79243534966
2204,170074.907304888
1563,281680.07502069464
483,200945.7133998826
796,126077.6737648072
1526,173190.56503078353
2042,122793.12034560952
442,329433.6049400316
1693,315916.4619084511
1468,212095.22677749817
1430,195742.2216745107
2605,124640.50491268173
1529,202660.80359849552
335,151471.1335961261
1287,122177.55242849792
31,103066.0104662102
1785,292897.84018096304
82,153389.77248395936
2620,111160.44104407576
252,178703.88417355335
721,60547.05766628296
2165,175066.10719957162
2316,186338.5239926781
775,130642.91725546482
1558,71990.5516754241
17,245670.55199856198
1022,209319.3534676248
925,125990.9505973339
438,262998.7352352985
1270,142309.1576344105
1272,126776.02975482256
215,130087.24547401184
266,228628.34622409844
2402,267463.83743836434
1250,129574.59253576165
1984,122432.92993892716
1279,139153.87412885786
377,257420.21588167988
1252,121413.77022148464
2156,264901.181663734
499,324461.2485688565
1374,135381.10155937469
2898,262055.9120958578
401,115813.06366452617
2721,155616.04874897213
2078,228372.4649617885
2589,135454.32581921353
1946,237621.0070068049
1334,119239.57975157701
2781,225279.81746084325
431,400465.9079120632
576,197503.51292247997
1474,207740.27294696725
2254,149166.47786831032
2155,289775.4401459753
885,101219.28606766148
643,139652.03572686002
1944,123178.88872310056
480,193759.45738694922
2845,99027.6529262681
2387,314705.66249596234
2407,197869.75210186176
2527,160441.83571248432
2514,153273.21899777095
629,140694.7605800009
80,329440.6693425335
1876,142315.76155630234
1546,121677.86951099912
2518,171355.73489003335
2347,148522.55576168676
783,241873.35679404973
1322,61135.0057672935
194,87018.69024451012
1770,288270.2263329894
2143,125542.69025582731
1229,201009.2507379818
511,294583.05205490533
46,222181.1014326052
1348,133512.3839172799
2465,194020.20020589634
387,235435.06978910405
873,212467.62443077
1918,128639.3875380888
2764,234880.10693773234
2184,126810.52677923575
934,139029.87925310762
1920,132244.65464136234
2631,142175.85164785787
1768,697079.194340053
2040,115578.71580528912
1749,213391.31502765146
834,261791.06731974674
1457,230327.83498832706
79,120119.60916811813
2302,127273.72048910017
1817,145184.81557947258
2755,231628.4563034621
359,177454.47407898825
2059,115074.59154809077
2092,244948.91588401867
2516,225192.49797452954
150,122621.43871697068
1656,137820.7953984163
83,93884.46592950208
2411,179633.5688152162
795,81467.321098267
2312,224990.72007777446
2917,92515.83147649711
1624,175002.07307261715
2215,328448.8195883327
1211,147719.297915532
1485,149946.8008067946
1024,154713.9162443752
570,204289.49439709878
2874,139084.45794614474
700,121293.61107146073
2756,204940.18404911194
2022,176261.6156896201
583,235636.8809165321
2392,375425.8489403186
2424,175693.24364377043
212,106308.4666096656
736,127045.20790646067
1610,145892.67563060467
890,125361.14415397611
467,180797.0138976408
578,202227.75131721664
1747,196213.86189207103
1149,155290.98183706106
2758,253512.52733956766
857,139293.64531356312
2219,272361.1501801252
733,79198.13122701788
2909,109710.36188776401
1798,257614.2861826417
235,121328.68145559946
2366,127271.80983237165
1027,130696.35032035477
1195,137853.68425258726
1303,66229.78638426276
148,173753.12091311603
608,145893.57391425563
2515,193895.07621927714
821,253113.92871810385
2500,264867.8559280406
745,108348.31745324416
741,128050.76231267008
1611,109299.43972588998
2532,129670.11891947247
1081,225832.5877705773
1692,465972.8640923534
2520,173881.35906314076
276,106706.54166779721
1992,116282.97328094857
663,73788.01162230727
418,128097.6826148282
1733,191163.40327296793
2359,150185.61987562635
253,177750.1614096277
1518,147973.47513518578
2035,125723.58980138155
2919,84882.69439681491
1540,279370.37531381793
2120,144770.07482381002
1674,168706.57129786754
256,156625.73740820194
2361,119804.7320221371
978,83415.02657709832
2280,147382.9043566317
2095,252158.67357062476
1709,334181.6400288584
2801,251084.34263124064
1246,116781.53206562644
2373,100253.9841830877
1055,286453.96732068184
2017,118823.21742234875
1099,259099.29829171856
1344,88975.35011391366
835,174594.8996297505
1117,203510.17913071343
2043,90894.96967110256
2085,114047.46891267253
410,144807.4194296224
2650,118260.5029013215
2867,180526.82872797016
1668,117834.90504951631
1161,165742.7153883345
2122,160559.216991163
2539,151859.2445698054
1047,139908.8487939076
1445,130346.25973604916
541,125094.70816516281
569,225819.98325148138
1276,114135.34758849387
918,141067.4727659432
326,165860.59083740253
1936,129296.28222676677
895,100616.072810603
257,143613.025341307
1241,172069.85541098233
1545,112355.66602017492
1189,171889.26758873323
270,143745.39251483735
2066,153340.73801598922
693,112907.28287155028
1259,129567.68191312121
2916,154560.76130348787
2321,300422.6063164816
1977,91319.0911698968
1895,148243.26084405967
1240,158405.07468586517
85,148000.93636291215
1823,122305.06068525919
825,304201.3019903623
110,232191.99389593347
697,117631.42335292364
2297,124418.04790214522
1231,134633.01528401306
1355,129860.30935657366
968,345303.1869331441
584,213349.06416410257
1315,127265.06419130674
1606,143839.01947071022
206,98168.75835700796
1685,348581.27809646004
2016,133072.66434503457
869,201637.7130721863
2135,125911.5886214629
2346,174762.99942898992
2430,231874.0961380147
2198,75166.71566802026
2652,121517.15798929022
27,115458.60004525096
241,163694.87182875813
906,120356.21797439619
1506,109500.03387758203
2098,391152.7248294653
1435,219594.92540175977
2213,134244.87441423512
1274,138444.57692826886
743,49319.87236142078
1737,194173.29210168775
2797,280100.62888977083
2185,76130.80127084155
58,171961.48362155992
830,194916.06809846862
808,117709.1624592229
680,140958.1015597892
1153,109512.42845190104
1291,129092.24432323284
1818,138219.91518342498
2161,179510.66618246338
1883,122478.63497429872
350,390428.57114012615
2473,135337.5364657724
295,191113.7510155295
293,176022.2522509576
859,132217.56098773459
288,78793.92415951406
1578,143087.76609680877
102,195655.554882625
2831,142952.6365592842
1030,148880.75923198214
2551,148883.29949492982
1286,142322.69836864446
958,311923.8692682974
776,129245.70090038142
72,230815.9141093758
2263,247084.81984686822
1866,157005.23247960056
2876,84117.83315553174
2146,246535.11793720306
103,170272.7575729475
1500,137101.0752534531
492,187219.5551589794
167,144173.3311363357
2597,113933.97971349221
2685,104190.40566956873
1035,155296.76981983424
1220,81624.64274080619
2602,155311.48299052115
2159,201814.6658614473
695,126891.04638450242
1109,256616.1939254479
640,168103.3662834707
1652,145650.0336462366
2090,198433.2757571211
1188,170013.00386471357
2345,250727.7453517094
1059,442172.62919793633
2751,227448.39092666967
128,200555.92892614397
1523,197810.61298932286
2925,172757.2060425579
2145,301859.0295179894
1121,223111.9512464249
566,273086.8226722121
565,240348.95709128765
1331,129068.6901160541
2928,124184.24925924806
156,148152.12263931715
797,125363.87263971216
327,96487.81898352255
2859,137659.6346651415
1453,120678.01980857673
1762,355801.25180548476
1868,200195.6747504341
1760,176633.9499965745
1113,237630.5862098885
1812,190948.13264054828
117,156136.18265219306
1142,202936.66116142913
2342,424174.29161273874
927,141966.89371112306
2478,178893.48959409952
655,89449.21672014902
2064,121938.53666791995
369,268926.0307665134
2239,112712.99777026163
2732,211685.15519270027
1653,158964.73354645175
959,208706.46085724424
2395,348638.2983339859
1412,105332.54153330463
271,221702.70238728356
1484,149193.40312834352
1497,147292.08049875486
552,158324.92218496054
2,117461.12553437037
1855,315291.3954629844
4,261265.01451170212
2292,157377.50482235098
134,139917.05059120813
646,109174.94344421716
42,290965.0515349817
532,219491.41426403512
713,88671.55010942458
2561,133844.62695689307
2360,141520.99449529106
1333,116793.76580262823
1407,256701.56363113035
2892,317019.9244678783
574,219501.09409015035
1227,178186.51915947912
2591,205098.60887618051
1476,211137.6354625213
1125,252477.70356670397
1446,155538.255498776
408,119865.80804762348
1101,283718.26191833254
2251,190809.2025875328
373,170474.71404064525
2554,130649.39545582801
2382,251540.5309329068
1985,88044.93884234205
519,241794.37055684486
1093,188974.797634895
864,250159.52758464505
2889,142883.07307460788
2308,175984.70589425127
986,229201.52404739626
1302,132342.80433548818
585,149215.19414440493
2708,153320.8812440431
147,132552.8232379493
1441,224867.54367887924
383,185144.10350893164
285,142007.48241654338
181,114184.10809996683
358,196203.42545649043
780,173879.23217039194
258,191809.8589957717
1865,212009.76851417831
692,118814.95252449693
2902,349528.1214272605
508,257051.83888025658
2638,137625.74493297766
36,143074.87707050887
611,166441.84175144805
2281,146264.1841953003
1678,113051.2183912736
1696,510410.45412222744
1557,66111.32678079324
2180,153482.30766676436
1726,209534.11404377155
951,144426.93298633923
267,217600.6505568029
2706,134628.15664201128
2221,258540.60810177814
1357,168775.2867084094
2901,337575.40374632925
347,176110.95709749262
2164,183986.28077560282
1586,317002.31699305895
360,153442.09366597334
1769,241534.8207336255
2617,146793.1999933253
1879,144843.14879975814
991,241624.47095458183
1535,117920.13785591116
1191,138146.8114454339
1579,211370.8395583418
1882,48064.77734731609
1510,127128.72861105479
2196,132790.13805104204
1845,180685.03142224695
2336,405328.5008521535
942,88246.41478536528
861,134665.16547568823
2555,119826.92455026212
1392,161079.04746618684
2099,250080.18432938054
1543,123209.66197249133
948,268754.64852133556
1239,166172.88642931156
22,183486.9770329135
2796,238757.13581545424
2747,176976.2772444726
92,277220.05512073124
210,167933.4896498929
1858,204011.94795721717
2228,154032.64957620256
447,212899.46969280147
827,245296.04213003383
1649,203907.65535654794
682,134107.09570732169
2698,102054.7496041183
494,170319.4537172577
214,68185.5878347788
2441,236276.7253308183
2679,105621.86178823284
1336,118113.26599323258
465,171795.43108498427
1524,135081.5068991863
2543,113945.46398705186
631,143805.35173470137
2452,304624.7628516054
228,154248.40461253325
126,195996.3622052887
1092,233772.4591063939
1122,201494.89028592344
932,221222.48049702117
1980,91618.79405212369
2171,107738.17257510572
551,164183.59711979405
2768,165364.93696613383
2056,112876.38468348543
1159,359502.57137953106
2645,116804.50676105164
1174,175683.9903658532
2266,206990.15467880433
2462,454174.42689167813
1219,148998.31702719835
2922,167029.39538621774
118,143223.38757450075
474,165866.19490140627
2576,149287.17340452757
872,295355.08807453903
1077,205051.17140076665
1536,131354.41777335643
1150,117421.93791560948
2341,330811.05073884915
1931,148332.53034070568
2785,129470.0399859677
2538,130087.92126651769
597,193443.3911098864
464,178852.14594496824
233,241507.66842384145
2169,129383.60000529065
2123,171064.5886048414
1867,162970.3091850279
137,253281.5705690544
515,240157.7968479225
933,115271.81545932018
2784,164349.8866948429
972,163477.93600274084
599,156664.054390241
2614,125216.59952830308
2582,140052.3419430082
1409,168537.2700691457
175,89757.78321809306
352,211632.64494030838
976,94805.26998972606
2134,192637.9427816718
984,114811.48773112982
2396,374908.92771546287
1673,141667.59726554315
404,122933.4342888653
607,162387.74407415657
814,145178.1927319451
868,184934.90215451596
2271,176544.44294653862
1633,225998.6126135884
337,153118.95843177158
2765,183272.9974652093
1746,248544.80168164338
368,327405.21637233667
2806,203499.71298036716
1662,187452.9619601898
1234,217532.8185876875
1373,124817.86238645035
1672,114728.0877197961
1939,124716.08517322075
