Id,SalePrice
2658,151742.2312242361
2718,156058.01634886212
2414,218974.01505991802
1989,101058.96766530366
625,170606.7062334106
333,94109.91124326567
1327,111768.91522862852
858,152567.2126661789
95,177253.067856679
1568,159555.8456373831
2482,155683.52335745728
1364,118105.5149529794
2584,141891.8638645987
818,277943.02857633244
2673,155325.76779701805
2089,126093.10491255012
1297,156960.7023928642
790,112505.65204307224
2616,182353.3320564332
720,182985.51869782672
222,152233.2343676888
557,133835.25673313986
1148,190190.30687275805
2766,164362.82220084057
534,181330.4828804448
1452,123137.35644185964
630,132176.34858023858
2648,116310.5279544749
125,155586.96472913568
1904,78511.58601885586
1670,115889.14596123771
756,94704.5895627939
717,229065.70182293758
1032,149038.93743978642
852,205866.83706618196
1731,174353.82963848056
2639,122405.52834285972
2071,104151.39774372832
1267,125655.3113417414
1851,192460.58112797677
567,161780.63965179524
2439,208130.7648279415
1898,145559.8597502549
647,163708.6787822462
2256,217921.5617750843
979,94139.56650412176
1444,219265.53264023483
2485,121304.95684097963
157,127017.83511272723
88,127361.8285330011
2003,109329.76767501936
186,209950.5992854401
1425,239970.77931352504
2695,130156.65990058318
738,109728.79497478553
395,153366.18344335383
1353,161725.6528707374
1878,140103.79766685254
390,151823.99492001516
1456,239277.51779344675
1103,328776.1102873454
1387,121347.52688508586
2070,147078.11967120078
1199,172464.51148667652
2479,172728.49086241002
501,331322.75556318596
2362,102369.03434452058
1718,200530.2994461054
2188,97556.9297988659
1483,155402.4606217654
2557,95476.4748198414
437,402261.416749199
2224,167540.60851760785
1628,165611.73104217107
397,142767.36502479052
587,192016.56181934633
971,138395.0925655416
2611,141199.79128714302
1887,103350.83896510855
2399,365107.8990531952
2148,195299.52233600174
304,111047.42378031794
1997,124082.98730398949
2817,121242.90578094928
1431,210258.35249515882
427,340773.7559450594
263,125346.05021514688
598,179404.39604380837
2895,237277.94371226244
687,129643.26840408515
1822,133902.37850540775
2191,112255.46058405563
179,127271.89266640073
1009,205395.44369508015
2010,130349.0911295284
1991,125460.69360154893
1411,153749.83092660527
1721,219510.5208221074
1144,190667.29066584166
593,209954.87085158762
575,358644.59099772
1249,151391.6977504553
1604,125930.64117327803
1064,693366.275116427
1923,153019.32294770767
1988,106275.28507110979
2325,170609.6540297148
114,201415.398512845
2700,156125.6404487805
217,129581.85302760875
343,170715.94663519802
386,209429.48495435622
2005,126368.40085607879
2908,142816.26640731495
1814,232670.92691412137
2446,696141.095498553
208,138646.4320139142
1679,107397.18099029851
822,328968.67103910836
6,191573.31572521318
1781,438173.3139409961
2397,270287.39402550046
2340,307863.99554757954
1618,179163.55144216135
2843,106120.05293944199
1061,382513.5434513095
2786,131136.79936506256
1935,135809.6956489829
1341,121192.46104848686
521,278524.8333315817
2136,134776.27153261998
996,201349.81779312927
227,143732.27559715958
135,171120.15417659536
1167,159686.1147889447
294,227172.37311159982
1776,201780.08794820763
540,161856.0590513593
1717,199808.6157941264
2303,136364.5485160224
116,173734.67603503764
127,134478.61911376513
1371,134902.82505595652
1014,121773.85468370224
1507,113791.14438957084
702,120637.5328192711
750,139996.15130438624
261,149281.6495280467
1559,82037.1145395962
577,226921.84082056972
2812,193694.3485808872
2080,150032.48454060324
1368,114339.81623221462
2376,130847.81318562671
659,106514.41666650253
1235,139699.11222139923
332,84617.15999555265
1917,134240.87139073655
2094,249345.64680464962
1460,250722.37650409414
1471,214196.45958609815
1509,125946.79811659698
1922,140708.5890547268
433,734443.4394753657
460,234201.21771152274
1116,237200.44329500804
1137,161029.8933751397
53,170712.61820905117
2354,262654.06711324136
1475,191345.51469884353
1761,989734.6234364347
842,145023.41471269622
2739,153624.5998095876
2509,147385.79969686986
1007,199488.47836780112
2610,181591.95293487387
1952,85435.10597902483
2719,155371.83197901174
2921,86622.11733889401
1966,139424.47968648758
292,108028.5101497791
1204,184258.75365300316
1829,301981.4639116279
2419,184506.3826081122
391,145233.17269636336
798,105527.82468821635
481,199745.7722248442
193,205170.0885327732
555,123705.70019652553
899,84334.08295731046
2357,170766.6474012989
328,116482.20833509536
1356,118530.43354383888
1154,89524.75765084407
1730,176239.78992944688
2249,159790.9362887994
1119,279451.8004559144
2856,140657.08093046147
1394,136257.6483002639
2587,123935.49101699192
61,317897.3457325768
2661,175718.4331913062
2711,134170.48042491078
1147,184968.15284779406
757,127684.37674797837
2623,103058.4268919786
2378,143105.83527600527
1413,135335.60315116018
1722,211080.38123087038
1112,221055.86990657053
1623,188392.99717150655
1201,185978.94317160282
1513,114094.99901010221
957,400534.9950261704
1171,267988.8808196945
1145,180904.9943111241
2726,228859.14430556027
703,141613.43454970294
760,99608.17652480664
1964,146390.99079372804
2512,162831.39532617916
159,140550.7776124752
1281,163795.23318860907
468,179468.81487440126
290,114341.60376686667
665,98618.75397858812
1463,253005.63627470387
1792,224113.71941613744
923,145585.7737831769
500,264862.270106702
1408,165567.42458836557
331,87515.13412837122
170,119905.86205235559
2192,103729.30286060345
2571,299074.71967574407
2314,174568.1047897594
2647,91460.01515313603
422,490262.22383720585
2457,412001.69957868295
1838,196654.87125003693
2805,247143.3883730318
1645,150528.61210425964
1711,289059.53713260056
2825,234100.53720866964
322,343519.1209676964
2103,251554.9227633568
342,121003.20204420331
600,123343.33847701705
488,175537.8386603788
1725,286869.324139224
2246,289392.04070184194
2847,151336.63668189925
806,234017.15191202707
530,230375.9817800703
963,178502.48300857004
2678,98166.56086642003
171,101387.77591973207
2401,484261.3627178042
805,217965.77759802068
2259,223142.3314287712
1748,183927.37494464277
1361,137978.92789389324
1677,109284.9797947862
1406,142236.10181370782
2322,247947.87520963434
688,145364.50741084034
143,140352.70753222093
804,204875.07293586596
1214,152478.20666243226
2828,138342.89451079193
1999,158408.55568584832
2467,195690.6069321862
2665,149257.5908435144
1538,452324.69123196916
398,123058.89644809123
2822,135839.26516695265
2157,143938.1252570271
1856,207320.36636080086
1269,107265.63823701574
2570,118930.98947031268
2320,236125.80883145682
1517,140547.85744531974
2304,137323.47226790804
1312,102621.82577794095
2012,134126.9016852311
506,241591.96289366737
2865,239653.12062366388
2367,100246.88192827834
554,90134.7825196887
238,130479.30676389286
1954,120659.87791237132
2488,128949.00772006197
2291,83514.7875004358
1969,111593.5652226738
2725,151477.92316084227
1482,153183.8450338612
2763,193301.87066646514
503,247633.64823829962
1584,246662.78548346632
1531,141328.4852966038
2210,157403.50308186942
459,323439.81299922295
556,131146.04191925703
1347,119762.14277497226
1290,83432.61661207117
1388,108098.37298400345
1571,268189.5386731066
2754,197383.6146272284
765,140318.95865763593
2494,131047.32489237784
2870,251778.70717637785
7,206434.95495213845
1114,241037.25125118985
2418,276566.04437351186
291,121072.14106047234
18,312501.1761032997
39,382137.6941713315
1001,241891.8219353699
2442,223739.9821432044
616,123937.37803765741
2680,83546.92943512248
1414,126683.5823297823
289,144258.99032786916
40,242923.24270534757
860,124122.02647606122
409,137293.75343525107
673,147232.41450487106
2427,171189.70520638474
2036,200974.00237424026
2564,144234.1713000543
642,141069.89557512602
1008,175726.4526152221
1908,138664.40434720303
2519,205238.0873259538
1369,100474.5043633651
2855,172612.90691165242
712,96804.55347339169
1943,120044.86764995096
1958,123353.28308402564
107,160333.45020185967
2295,196588.5734693344
704,100616.5089159576
676,122044.68570692764
259,182965.5088841569
93,284726.6958982935
106,242464.99024579444
2315,176961.84490608572
1050,116882.2586782135
1095,205117.68827443843
2709,154144.60184425334
758,129059.89532040543
1496,150636.6518685608
2370,114206.40147079641
2458,270163.96465057094
2733,130438.42549691953
161,296407.53557835234
726,152054.05714333558
845,202147.45514080382
947,248315.25122907865
2232,113884.4639848604
2563,152595.38654924076
2299,134110.94350207376
211,98846.57559812578
605,143154.76022392235
1478,190089.6050813866
2247,284547.67644114373
2274,209510.47469793723
2869,214426.25158866422
967,206429.3689783732
2656,126520.06830491271
667,195664.61863398843
1042,105107.17098325756
2023,148214.81597542792
2447,403207.506399515
2055,122694.43869692627
2275,282698.8474971525
2204,169357.24066507866
1563,277757.07763831207
483,195941.61859946948
796,128414.35350256202
1526,168816.75277975298
2042,129086.63017811884
442,330780.7517803736
1693,307922.0045094181
1468,214085.31878776313
1430,190596.44071005762
2605,140474.29482193987
1529,199990.16790443307
335,148652.4239678583
1287,127670.64610177973
31,99466.237039807
1785,300126.3206408975
82,153745.24276073583
2620,137352.68173608885
252,181133.89667316628
721,67254.9032675792
2165,178219.4749190184
2316,186863.32640186397
775,134934.80976478412
1558,82935.19121628495
17,236711.1118656033
1022,218559.86927340864
925,131053.3001506602
438,267175.42784596793
1270,139081.15492094582
1272,127081.56633233845
215,130737.61943183887
266,228621.7987454743
2402,270686.3213461437
1250,130803.0234170112
1984,116066.71656832256
1279,139859.06749317618
377,260946.77265273457
1252,124185.38234034546
2156,261946.26565527622
499,329546.388022931
1374,136406.25637881792
2898,260952.56280017472
401,115502.26956059485
2721,154846.07610481422
2078,243099.03757893344
2589,148113.56785444345
1946,242923.70532965194
1334,120789.85678291655
2781,227412.7223068346
431,409502.5011350028
576,199034.5921643691
1474,205902.62643383554
2254,142401.67434236745
2155,288435.57832335844
885,103280.92150728934
643,135939.5693130294
1944,132593.2465310952
480,196086.94461259624
2845,105432.08046187005
2387,314006.70561481087
2407,193066.89199219167
2527,163775.80044743075
2514,148882.0516105981
629,147417.82871123523
80,232574.15672414444
1876,140752.84357998523
1546,123606.44798465971
2518,179463.92271484717
2347,155579.5978464837
783,236804.15580232363
1322,75790.69144763327
194,86502.70304988782
1770,290520.989667103
2143,128899.38213180372
1229,198640.93875168642
511,289867.9444090782
46,221289.41566657473
1348,141464.42689056636
2465,192229.85746961678
387,232076.2864605546
873,210026.10527526244
1918,128464.57813228838
2764,230017.19554220323
2184,123910.7578122568
934,133418.584152211
1920,130669.87741913233
2631,146010.29991142586
1768,883495.8089362286
2040,109236.2243175687
1749,217412.39693713875
834,257980.95834798767
1457,230707.7923366759
79,120871.78779186447
2302,125357.87239128676
1817,149670.9194895087
2755,234689.79409513337
359,178775.4038119955
2059,115038.89426108901
2092,241621.4076413219
2516,226563.4043707525
150,124173.67428045651
1656,139491.13914340816
83,91398.36253191295
2411,178520.7865175298
795,85862.33353948376
2312,222352.32593930932
2917,90739.82657796949
1624,174159.02403809977
2215,344158.7342466197
1211,149868.53587501182
1485,159527.46621275417
1024,158138.6160186853
570,197872.75892162314
2874,135929.59228251397
700,132568.71500888115
2756,204824.17289488105
2022,183702.24562087766
583,236858.98443170227
2392,380311.08341645997
2424,177457.66843885157
212,107979.641693432
736,128229.02701415028
1610,153137.77259002556
890,128524.69061764765
467,180225.78454364464
578,206206.76242845273
1747,195859.22823315402
1149,156165.4284469179
2758,254434.37059584245
857,139692.80147149926
2219,302521.442075546
733,90312.70638010677
2909,106492.23872899942
1798,262820.8332676937
235,134704.82643095226
2366,121941.52065214343
1027,136539.94983612918
1195,138021.6258257512
1303,76243.49927688282
148,173960.01571867536
608,152465.14984569652
2515,187521.04334890874
821,257581.80307120952
2500,257684.05083999477
745,105558.59868819205
741,127566.67435049091
1611,113595.17807392734
2532,126204.33866118529
1081,225074.23034299194
1692,488604.0615457989
2520,175018.52762396634
276,102757.71429046521
1992,119508.93983505601
663,76983.77589610401
418,130201.13507491336
1733,189908.47828680676
2359,149289.10629713605
253,177360.16102301757
1518,161211.22077970908
2035,126435.72084685047
2919,84715.67214156299
1540,273000.24583484227
2120,148565.66333315763
1674,173068.97431198385
256,154013.0841420283
2361,122966.63902033355
978,84556.38882948227
2280,155672.27871546065
2095,233340.38152054232
1709,343899.1550080723
2801,253864.87133443265
1246,117027.62644479304
2373,98847.09211606215
1055,286906.45542719663
2017,119583.30316715127
1099,261236.07207289385
1344,93284.47543217267
835,181144.83141845235
1117,206260.2710367747
2043,99361.12926158211
2085,122106.53008170504
410,142259.97745846273
2650,114364.09764187614
2867,183333.0485358897
1668,119882.60833032214
1161,158973.7872055853
2122,175493.5942150374
2539,151031.14762324127
1047,137398.03456434765
1445,132623.36770341275
541,126307.352935106
569,219422.32403605155
1276,120320.64645563904
918,142792.8722910906
326,168598.6262983772
1936,130644.95931841285
895,101440.45702498517
257,154643.26900466657
1241,172615.23772126797
1545,108015.76894589608
1189,146131.0394535208
270,147583.0848762203
2066,160245.54621655506
693,115130.67496175818
1259,134942.19286133087
2916,153840.11417139243
2321,301153.58734999236
1977,92669.72119746945
1895,148808.37556035904
1240,156644.01620459888
85,148766.30984074002
1823,126044.27264150152
825,299239.04787333927
110,233710.06058306317
697,122089.86588068977
2297,128737.56895970147
1231,135892.76018795074
1355,133411.4826637673
968,348382.4558256913
584,221756.68949828643
1315,126078.41606649186
1606,151965.15008844223
206,98244.08812110993
1685,345845.68562997074
2016,140353.261954032
869,201822.3281262728
2135,125766.36923592625
2346,177457.0158865782
2430,231234.30024268522
2198,93163.4067036046
2652,121656.66513536002
27,119838.47507038944
241,161813.62826668815
906,125629.79895200244
1506,111575.66258758034
2098,413313.5368189771
1435,219958.7561185481
2213,139033.64131662407
1274,135014.42779542506
743,62147.98340817675
1737,192855.05150993716
2797,282854.5974400845
2185,81252.59945603309
58,169065.77250622187
830,193159.92656401254
808,115830.35370847848
680,143094.78861743154
1153,110895.88340969416
1291,135264.3273201824
1818,138257.4712191369
2161,181688.79726170187
1883,124266.07720343386
350,388793.15799093596
2473,133736.24452408377
295,189158.49947897755
293,177317.27667095448
859,132092.52282237707
288,81118.88977104085
1578,141085.36473320902
102,183581.62803133397
2831,137677.602659205
1030,149036.69368364735
2551,148604.69000410405
1286,143798.01160486686
958,313415.79154444195
776,135568.81443094707
72,232832.7857714104
2263,244248.71778621332
1866,157735.5283687844
2876,79940.76500224958
2146,243875.90899396042
103,163933.60993000862
1500,138100.2416439713
492,187588.1512647134
167,144510.18211561188
2597,117474.35814452275
2685,114819.92667492246
1035,155976.41577729274
1220,90456.17006428527
2602,153559.26829038878
2159,203348.08301173785
695,127063.10232132883
1109,252981.48557849362
640,162283.93309421415
1652,151670.09243566435
2090,220634.96241826197
1188,171071.40393673087
2345,246875.21447918643
1059,464743.29973720375
2751,230005.84597331844
128,193437.72831538558
1523,203934.18405517706
2925,170483.25805287692
2145,304428.03423701134
1121,224610.4242300952
566,264325.165535624
565,228821.50126480247
1331,133469.48223398827
2928,133083.6309908158
156,143113.84552880478
797,129214.17792958827
327,95507.01159814849
2859,150335.79463692824
1453,120342.04784408366
1762,366729.3822901263
1868,196757.10484170512
1760,178077.31480221087
1113,244166.69962067422
1812,193316.65701932771
117,158822.5584673405
1142,200731.2788204087
2342,426610.6528076416
927,146999.3887933021
2478,184817.62055568484
655,95445.22531366772
2064,124143.89592354675
369,264333.7148740182
2239,109816.02193866785
2732,204941.0791413266
1653,159156.44880616397
959,209391.6542432386
2395,351271.32472168945
1412,104571.84115209806
271,239567.66153066806
1484,153110.0980794035
1497,152747.35599493398
552,155845.99337183544
2,119192.07223858206
1855,328573.0172704448
4,265965.23234517715
2292,158043.94822981895
134,137550.21956531677
646,113573.23031938278
42,296038.9208609269
532,223531.48058233235
713,98289.15676044437
2561,133473.24702539205
2360,139295.73818548655
1333,120233.50269663836
1407,272832.552478519
2892,324613.4387110303
574,204722.43697868445
1227,178950.7429703018
2591,211096.43509569127
1476,211501.8528178517
1125,254272.8500322335
1446,146487.04370574286
408,112320.0993161624
1101,286841.73410627915
2251,192711.39168286684
373,170544.58346154963
2554,131685.39413060175
2382,254140.20153943248
1985,87508.2677516476
519,238324.70632470894
1093,188272.78062618125
864,248698.56276971707
2889,137228.0324790233
2308,180148.63565413345
986,175983.41650890428
1302,138266.57489872063
585,152742.50565470278
2708,150950.3991982455
147,133531.76001909905
1441,226059.32567916892
383,188458.52182285633
285,138614.1018066818
181,112194.13372083544
358,169202.6754585127
780,175691.06514987274
258,189065.91586300838
1865,216830.69186096208
692,116447.82318264387
2902,350329.01225521055
508,263233.8225751956
2638,138025.60142800809
36,141757.53826935388
611,164254.91472379683
2281,148303.3142389363
1678,109048.77384860357
1696,526907.867915454
1557,76017.85869113974
2180,157789.99629267358
1726,207557.59555924125
951,146833.22846457508
267,217236.6741669022
2706,135245.51184838105
2221,251886.33873562794
1357,167304.8181375341
2901,332208.3339221019
347,175493.34480311588
2164,186125.5777770753
1586,318887.06295889517
360,152409.70946031506
1769,238589.5058018375
2617,144725.00932608062
1879,140918.58361368952
991,244136.01430927214
1535,117220.48648492184
1191,139270.24603216242
1579,208868.60350463015
1882,47809.555824336756
1510,129411.75037366882
2196,145637.03335947296
1845,171511.9525449002
2336,402874.9041948675
942,92728.85656973142
861,135971.33472332876
2555,123576.09011088172
1392,163558.7696354589
2099,249469.16380797746
1543,118616.8909218947
948,270509.86722396704
1239,165566.38239511396
22,191650.366943284
2796,236576.48928694156
2747,176682.26241468117
92,285816.18067488604
210,168431.5397003574
1858,208699.9535203547
2228,150195.66998763886
447,214052.07618773053
827,240698.98713620857
1649,210330.45901270027
682,133702.9271317969
2698,96173.18377885653
494,167121.78481184557
214,75449.1367179476
2441,237361.58362605865
2679,102265.36670192867
1336,120738.48442334618
465,176588.40874220445
1524,135394.18236454646
2543,116421.04837996096
631,142061.69103095104
2452,308872.38862922287
228,153490.31948028147
126,188963.9826378395
1092,226650.65437626553
1122,204983.14010996927
932,222338.7810264247
1980,88236.17379524068
2171,110751.98695999185
551,163879.02687778615
2768,170721.64571886687
2056,114740.38526966344
1159,366109.8894644393
2645,113651.44530267607
1174,168916.05199274662
2266,207419.7733035973
2462,468104.2505051379
1219,147461.8540927313
2922,164463.84246735406
118,144553.08985062563
474,167835.99579191432
2576,147598.11767809038
872,296887.5761230314
1077,202542.24661699295
1536,136784.6268660535
1150,116314.16101069162
2341,326955.9590480238
1931,148998.9196897498
2785,131483.6543002171
2538,130834.51202988646
597,188881.68333425917
464,172292.6807256831
233,241540.67681396482
2169,129729.15853605614
2123,171978.8789547429
1867,161420.20434013117
137,258922.68906102897
515,237478.71481118537
933,111546.7838751483
2784,168734.7797511172
972,164072.2057722007
599,152673.15465501323
2614,125242.21784845048
2582,140933.91713877983
1409,163908.54736753943
175,93659.43191419764
352,207465.27638421068
976,95407.57772992615
2134,193065.92789804636
984,115063.9236474936
2396,373498.4122504994
1673,143057.81561113038
404,117794.27492226427
607,158024.68794985383
814,152869.19494249462
868,183495.45242295894
2271,177974.22111950404
1633,213121.39334859815
337,159212.29045160732
2765,191366.35506893156
1746,246402.3700883288
368,324312.74053136556
2806,201202.2792311821
1662,187774.40100202983
1234,216142.16814657737
1373,125538.2607394125
1672,117280.26030879593
1939,129542.1611171445
