Id,SalePrice
2658,138183.1224188268
2718,152058.51584125948
2414,208210.62236641545
1989,103271.60679221823
625,167476.88438645547
333,99446.56201725667
1327,113327.07335293268
858,151405.6472568266
95,178561.94552832085
1568,154564.91514509358
2482,155988.6869540578
1364,118858.79927544491
2584,139102.2387678504
818,257380.2601786932
2673,151194.2600468643
2089,126409.72305255079
1297,153103.99315234047
790,113042.0933324215
2616,173151.6164762518
720,171621.9226142083
222,151070.91759979248
557,133563.48374970932
1148,184087.9668350416
2766,158151.12865391676
534,178120.300170858
1452,124584.14672057671
630,129715.3395559283
2648,114851.6592451397
125,152459.80343161503
1904,87754.92591713884
1670,118348.25474185396
756,94795.95383649784
717,203335.84784214685
1032,147178.14312505242
852,198714.4792765707
1731,168890.0736396651
2639,122088.22668151573
2071,105298.09448162622
1267,123347.4910179492
1851,190223.67807498257
567,165437.842367185
2439,200482.2091392981
1898,145540.74481248407
647,160419.9961204158
2256,213032.4559800121
979,98859.09094906184
1444,209579.45304962847
2485,122614.98547175291
157,129546.76407623918
88,126173.73245607207
2003,109391.91562949079
186,191969.21147337917
1425,229783.94075497676
2695,128560.18206128984
738,111652.97809080334
395,153312.13512135533
1353,155037.9747313449
1878,139363.3451232411
390,149007.4101688552
1456,229566.9949031069
1103,301506.79200489185
1387,118272.65236267728
2070,142381.57918749744
1199,164872.65543968076
2479,170284.96256689704
501,301826.6956928748
2362,104843.70326763019
1718,197641.7230984942
2188,100538.98745524934
1483,157989.90586282534
2557,98860.01793265628
437,351831.9399833285
2224,171089.60671266672
1628,162861.86075749624
397,142748.31534990857
587,179939.5187104101
971,132760.91134849424
2611,141374.46665436134
1887,110635.78149877502
2399,330568.5193676738
2148,191067.55937475114
304,112204.08811053495
1997,129572.71520749529
2817,121928.45677854984
1431,200435.6636122882
427,312404.01372771634
263,126533.00666198238
598,168906.7230988562
2895,217961.2361271535
687,130433.18737914451
1822,134610.3902838032
2191,112534.96881632194
179,126566.4589494038
1009,202514.65018911942
2010,130265.82439643596
1991,125028.83300484905
1411,149198.07522342578
1721,216009.88440445546
1144,186252.69015362242
593,203377.882394438
575,315699.51483378623
1249,151452.142961824
1604,128053.32650676106
1064,562741.5860461865
1923,149283.69113490297
1988,109826.81211299503
2325,168498.8759393888
114,187224.9912166059
2700,144835.71989577013
217,126899.5241226255
343,166218.19208791654
386,204906.63311253802
2005,125271.82753744096
2908,138548.3277351599
1814,218734.3306904337
2446,544455.1716711982
208,135743.60092872154
1679,110989.18295132335
822,304345.0753962924
6,186350.64399051102
1781,387260.61135034036
2397,252235.67914284146
2340,288305.52782216656
1618,172500.65635575823
2843,112136.12998866779
1061,343849.319760254
2786,131558.84455627002
1935,136006.66603161365
1341,122035.72798245982
521,263225.79187614267
2136,134420.23212446645
996,194242.51174833695
227,142416.77064864853
135,172689.2899394714
1167,160761.93607596774
294,213565.57590341053
1776,195933.35264282176
540,157899.50120736667
1717,197024.23678351913
2303,135984.68885092024
116,169566.23455716379
127,135356.14229972058
1371,130255.66186394778
1014,123541.86013834465
1507,115130.42727476584
702,119284.25224816156
750,136144.16235522265
261,149762.91361126557
1559,83161.42187369164
577,208064.58165968934
2812,187892.19593877942
2080,145813.17974090832
1368,115998.97161979447
2376,131234.2553346788
659,108517.50249927248
1235,138971.32037058784
332,90092.97036963615
1917,136945.30788145165
2094,234912.77195789627
1460,236299.31406319336
1471,203913.96518242088
1509,124403.47822277095
1922,140054.0287829834
433,570615.5045444712
460,227004.78065659074
1116,227194.90265070202
1137,155913.6449900209
53,173040.75272560495
2354,248651.06650276735
1475,186518.8760325544
1761,751955.3661560449
842,145163.78307163346
2739,154897.74612909995
2509,151199.57157011708
1007,197134.7122196111
2610,174936.57337298885
1952,89214.92947339754
2719,151694.10480974638
2921,91686.90487088324
1966,139607.1024923935
292,109156.18053193708
1204,176578.1012908054
1829,264955.54705466225
2419,181311.15023421383
391,143534.9109316393
798,106311.32449822198
481,196130.17689684386
193,191865.12300979768
555,123408.88175282777
899,88484.81266051813
2357,165674.24333497716
328,120906.54177592127
1356,119114.28923441752
1154,107579.89123781447
1730,173654.5762064165
2249,158795.1121366186
1119,262858.0521941332
2856,137885.722495826
1394,133496.73768626704
2587,125283.21058232611
61,286102.1444143244
2661,168095.23350441115
2711,134812.79719941528
1147,178433.4309583981
757,127711.09924192014
2623,105592.56651247124
2378,146038.32098598333
1413,135815.73522729025
1722,207326.17477449912
1112,210234.76943091862
1623,184135.30454146498
1201,179461.90339183202
1513,114804.38848921757
957,455837.1171769577
1171,258930.74704320662
1145,176877.34174411415
2726,211746.46829692827
703,142686.73543919204
760,102169.46753218581
1964,147246.00328254895
2512,165257.59268081424
159,140005.72346672261
1281,159796.43029862776
468,176085.7865909924
290,115093.02599837413
665,99719.24229866892
1463,236342.30768245016
1792,215328.98716462366
923,142841.88104009998
500,244815.16523517086
1408,154994.54416684769
331,93923.1262369904
170,120453.23632355525
2192,105455.29272477988
2571,237046.71517586877
2314,169977.2094419514
2647,94231.7297992658
422,428323.6045477015
2457,358634.53234757634
1838,197008.31171166603
2805,231185.68578019875
1645,148015.80471843324
1711,268338.91798126354
2825,222169.11629608818
322,312392.62762144953
2103,238877.59277773285
342,120792.60588324122
600,128094.92299959151
488,172403.68154639937
1725,271115.57150189765
2246,269713.6290458931
2847,149116.16378452125
806,223029.18918909348
530,222597.8713798217
963,172773.37001748823
2678,100853.51429957892
171,103542.03112603854
2401,408467.616200578
805,207446.781330092
2259,206295.4965788024
1748,181220.1109691187
1361,134467.00484537255
1677,112816.22564162605
1406,140082.09236371872
2322,230559.05703318372
688,142779.2072835731
143,138871.50880079973
804,195330.7733964122
1214,150692.4092662683
2828,139757.3522176889
1999,149616.0176374475
2467,192661.3499700577
2665,145198.56369975643
1538,385146.80861030356
398,125039.54006124775
2822,131539.47272567646
2157,147574.0280418991
1856,192826.43631643718
1269,109505.68293873806
2570,119755.54085617363
2320,226795.92341271878
1517,133886.95144642994
2304,133148.88186477326
1312,104664.39879437999
2012,134661.84068695203
506,218566.13492664235
2865,213159.07865184994
2367,104946.14189456982
554,92403.96265187164
238,128937.88138049423
1954,121285.53321126303
2488,125399.37200670189
2291,89586.97195652522
1969,113613.15967638817
2725,148242.78793905443
1482,155976.87148675745
2763,188318.46499388875
503,230597.5097120631
1584,234559.5698942824
1531,140503.42221791908
2210,151752.85966159438
459,301222.11746408424
556,132055.62330198791
1347,121596.9228287625
1290,87838.47508389522
1388,109656.20265904274
1571,297748.36190335435
2754,194558.70297176903
765,138613.57776160058
2494,129454.64800019156
2870,226736.66939085905
7,201007.86523238657
1114,227768.6431159867
2418,257375.74496184938
291,119910.09929329457
18,288369.9165012371
39,348266.9065678561
1001,231736.6681554022
2442,212748.81474983104
616,124792.7932909534
2680,87388.33834738443
1414,126377.29522286898
289,141916.30572816273
40,228837.88603140792
860,126364.56837978476
409,139945.88410951532
673,145173.39137172684
2427,173193.59664013784
2036,189382.16635384824
2564,142253.88036967834
642,137836.7934889465
1008,169702.91511704226
1908,133668.2063784478
2519,197632.21883222362
1369,100956.9736748978
2855,165205.60712025873
712,98458.46344043995
1943,118010.657132054
1958,122602.76093552684
107,159206.22375414177
2295,181697.46291133543
704,99902.7087870065
676,121090.15263198788
259,178566.1925983478
93,263624.291477853
106,234737.84557677226
2315,172755.7844454741
1050,118242.18608612232
1095,195635.39856770606
2709,150022.705624038
758,126733.62973887411
1496,148626.19181927037
2370,117244.58929849241
2458,255233.9165848024
2733,129925.14989836939
161,269927.47418802674
726,147401.10158332466
845,196382.2592462694
947,234706.63027922617
2232,112708.3337586531
2563,148013.55608714954
2299,129528.87495359367
211,98664.16019264136
605,138744.3097310454
1478,185470.98359454478
2247,267765.90254667995
2274,185994.21340244726
2869,202677.37011475815
967,199111.45434192393
2656,127891.44874876327
667,183070.63799869758
1042,109311.58106824139
2023,143429.79812899692
2447,358981.01860194263
2055,125395.891702853
2275,260870.30600064018
2204,166722.57932275365
1563,263971.0032356726
483,194164.64075013393
796,132020.86885732968
1526,158137.39323787793
2042,122795.04360472146
442,303434.9484491774
1693,282221.235942197
1468,206152.92563806317
1430,183674.6456978339
2605,135174.19938198963
1529,191015.0635705496
335,139903.23220573686
1287,127259.98026317444
31,103361.83617226635
1785,281655.8831201195
82,151386.52495046472
2620,134200.75619998146
252,177708.7519850875
721,72593.1502669951
2165,176083.06412516208
2316,180984.92207924815
775,136353.9309791614
1558,85368.29463150942
17,218328.1346084716
1022,205605.2107688775
925,129473.10035048919
438,251806.9342371148
1270,138143.94451689464
1272,128111.76824786459
215,128522.41985745136
266,218731.57807762636
2402,253837.82169193542
1250,131525.47900229946
1984,118317.5293335306
1279,138588.09145785266
377,239101.56991469636
1252,125382.67882899809
2156,245141.3280136258
499,294518.2800973602
1374,130272.06061435878
2898,234598.47946698804
401,116948.45986236878
2721,150960.0765499809
2078,225446.2093596355
2589,140496.43464152407
1946,216899.4638388387
1334,121437.34973604152
2781,217446.4569620494
431,367883.0631808542
576,192629.86475376348
1474,198991.75948072513
2254,143290.04585346568
2155,269649.3887604842
885,106096.7292823975
643,135031.27179014892
1944,132597.87554759023
480,191535.82582210115
2845,105833.41599933562
2387,288604.3376782709
2407,190186.10754347095
2527,159445.2149835041
2514,153812.9975816843
629,145091.11321286813
80,220888.8512543734
1876,140857.04311947574
1546,124651.16313925425
2518,173293.43186792234
2347,153147.84819357176
783,212891.07814366
1322,78736.15679906432
194,90016.44805401287
1770,267443.231224739
2143,131211.2159688501
1229,189165.4864498693
511,271264.3764653351
46,215683.1726835014
1348,138894.28260675588
2465,189149.23477081777
387,224366.2144690416
873,203382.21369805792
1918,129442.47985230699
2764,218648.8926765694
2184,125601.93035760622
934,136814.91648666284
1920,131440.6533123151
2631,144238.29447107532
1768,689153.3247898809
2040,111600.37935117018
1749,207694.16102299397
834,238502.0021783424
1457,220289.7361929076
79,123691.44532033347
2302,126095.79988417908
1817,149565.99485302382
2755,223356.2486906796
359,175523.4940835056
2059,117062.31832843462
2092,221801.64493572884
2516,220782.17473609786
150,122668.06648708248
1656,140046.0978190307
83,92043.1484472302
2411,175394.81188649556
795,88800.85439249125
2312,208798.40262725847
2917,97183.71461170849
1624,172028.3322930158
2215,299202.05270197813
1211,148437.28935781587
1485,161862.4391859023
1024,157026.21488753954
570,198466.57595763673
2874,133354.5299449746
700,127212.36644431743
2756,198752.41915722183
2022,175533.0246036906
583,222491.3640714639
2392,342000.61930471903
2424,178403.56593469705
212,106758.19729652343
736,128348.48427259586
1610,153623.11349735994
890,126961.83104935015
467,177699.11343104756
578,193288.13911214826
1747,187565.7099530418
1149,156210.37800756146
2758,237463.27385819523
857,141209.32023457476
2219,273501.6907642246
733,97789.06754445616
2909,111073.01396969393
1798,251043.1035722011
235,130786.48337511867
2366,125018.20197865524
1027,135551.16590513434
1195,139442.02110201394
1303,80172.86780002514
148,168354.87916126815
608,149999.46787889334
2515,188101.19086675634
821,245375.61707615963
2500,238009.3424957117
745,107806.41290647791
741,127730.3761554582
1611,106982.41274515833
2532,127384.72396390371
1081,221068.07389370239
1692,425951.3788065082
2520,171668.19972871817
276,104105.96579583143
1992,120191.74289498561
663,81478.04687776568
418,134639.06058324754
1733,186076.08614591366
2359,147403.95478808635
253,176091.2694635318
1518,157031.8657115308
2035,125797.2014283333
2919,90007.41901442605
1540,250870.62030260585
2120,145899.38001702318
1674,173908.85596498192
256,150659.80504130668
2361,121434.79374154969
978,91311.27011830371
2280,154156.19233912404
2095,219485.47237992106
1709,313260.5802352131
2801,238788.05330891797
1246,117427.72616871962
2373,103988.05826055788
1055,266633.0011645675
2017,120643.44593301132
1099,239571.63788507658
1344,97071.78907280776
835,170621.31049729022
1117,198857.469162763
2043,102258.36430987423
2085,126296.5379485773
410,144341.08732607847
2650,116776.39536383022
2867,171372.16468907153
1668,121149.72457781743
1161,162316.44844077047
2122,172596.08649704035
2539,149340.8669107093
1047,140213.8750736123
1445,133287.75294304657
541,124648.74821635279
569,219118.08684016237
1276,122020.62117720467
918,143195.9786347589
326,166272.62853424344
1936,130786.88211862408
895,104549.65489540496
257,152112.2579157601
1241,165921.4284544859
1545,109082.30756096303
1189,155563.2710617124
270,151374.0596846715
2066,163513.25232770058
693,115063.76510838572
1259,132298.99358754442
2916,148674.4916237908
2321,277462.7749126642
1977,95837.35220256461
1895,144662.31746284835
1240,155361.2886049584
85,147085.381581185
1823,128015.09821832426
825,279795.56241869106
110,226695.95211695178
697,120381.3256254996
2297,129277.36191609355
1231,135612.755374039
1355,132487.31821256812
968,315650.44239743956
584,207351.0149559538
1315,127566.16338748168
1606,152362.1419164797
206,99907.44045562732
1685,315301.85751251486
2016,139369.42194244382
869,194412.01045017285
2135,126014.7428658382
2346,168434.94885733642
2430,225337.6045921181
2198,99378.30446202541
2652,123166.66761030696
27,121693.3958762933
241,159534.99035534472
906,126522.37907520265
1506,112297.02750683698
2098,368613.90942701173
1435,212006.66913996535
2213,135943.36881082642
1274,134451.2242955532
743,71168.85521356609
1737,188720.40081243892
2797,262739.9370453524
2185,84339.71652218422
58,167327.4074296839
830,189959.36106313384
808,116413.4744082859
680,141628.80476953226
1153,111730.0568714135
1291,132485.55773975424
1818,133676.9085850759
2161,179574.25445068267
1883,125195.47252453624
350,348818.7623975606
2473,130678.67481518822
295,174531.54844880273
293,167869.39402955453
859,129000.93986330809
288,83820.59034344667
1578,142128.83602103332
102,181199.35076683786
2831,140102.61326551103
1030,146361.05494203896
2551,144805.28882953437
1286,141775.26436238587
958,289702.5977058319
776,135425.02782946688
72,223349.7158708019
2263,232368.6936937875
1866,155401.40259274203
2876,83189.19168696715
2146,232642.41369342202
103,166296.72049895133
1500,139986.44610427553
492,176034.55400960118
167,144409.3277093785
2597,120964.55257562795
2685,115673.40052416033
1035,153998.10970251367
1220,93781.22749890744
2602,148618.67088632725
2159,197772.32375517196
695,121781.94678401273
1109,237676.97607962092
640,158825.49838667514
1652,150796.02552672438
2090,185766.85600662694
1188,164618.07109742155
2345,221917.83184571288
1059,409226.250154338
2751,220023.28461711173
128,184473.72757973013
1523,188990.21899356283
2925,164464.0509301451
2145,281159.79977664055
1121,218067.49112696826
566,254209.7553767238
565,216184.52160499056
1331,132446.0929856597
2928,135042.26184287638
156,142130.9388741457
797,128712.70166433294
327,100917.88085587966
2859,139920.52281136575
1453,122731.96599406579
1762,331103.07345560595
1868,187535.626247906
1760,174847.66315122473
1113,232358.1189606429
1812,186868.08075618144
117,154947.32796420317
1142,193773.14045298396
2342,377990.07003974274
927,143282.36272339715
2478,180205.57797988752
655,99552.09710407552
2064,125116.7698365329
369,246978.72173791114
2239,109956.54822870455
2732,205526.02609962362
1653,156015.20931156765
959,200520.44027299498
2395,319918.8763849129
1412,105254.77099626209
271,230009.97983670587
1484,156290.5810110858
1497,153202.1615893883
552,150036.8297598775
2,119258.51549923606
1855,295678.6068670628
4,246337.85721795828
2292,155241.4224184626
134,136879.32882412497
646,114308.6590474913
42,274475.79872883525
532,218064.56223775254
713,100026.1024038493
2561,132256.5923885516
2360,135017.11078890724
1333,122251.38546937481
1407,225373.2461493611
2892,283636.5994397746
574,201446.60218800296
1227,172232.62664910025
2591,190496.3858438452
1476,205087.17973496657
1125,241648.91570353296
1446,146881.8718584224
408,114835.46552278957
1101,263930.0289267928
2251,188787.8714333913
373,164604.08248072112
2554,130699.81175186827
2382,235986.46367309004
1985,91619.00582645569
519,229472.44211383423
1093,182787.18186110194
864,235112.742944666
2889,135788.50276237694
2308,173041.72772350628
986,172216.36159260376
1302,136575.37876062043
585,149861.55035625715
2708,148599.695138536
147,132410.81064494094
1441,215619.68940287505
383,181011.52955728408
285,137880.40827580236
181,112202.16173349504
358,184525.70788922513
780,164753.86830869483
258,183715.02250221162
1865,201624.9552421027
692,119333.33507460347
2902,319032.0714385218
508,247078.78736681302
2638,134049.6411647753
36,144363.2289936926
611,158439.61381770123
2281,139481.63191389182
1678,113128.12917651066
1696,456350.64512047835
1557,80277.67992736622
2180,157271.71938597248
1726,203698.23293303596
951,145558.55429009904
267,208547.3896883434
2706,134397.74711283372
2221,231708.09772428137
1357,163300.4018231379
2901,304386.52955714444
347,175152.70189032983
2164,182851.02119768324
1586,293228.58187226957
360,152752.48313611673
1769,226680.89957880144
2617,139389.4891714418
1879,136821.8102461217
991,224784.04670229717
1535,117038.21748216363
1191,135585.7199029263
1579,200834.80864258143
1882,111132.09377289926
1510,128200.0350984415
2196,152004.31734463773
1845,173582.75743629332
2336,358088.42802068527
942,94676.94159827677
861,136434.11650522373
2555,124732.6332304931
1392,157284.31974486186
2099,237654.69758371444
1543,122566.77341320632
948,250137.06087425517
1239,161274.859957455
22,183929.1188022787
2796,226329.19738876802
2747,171691.70334410743
92,262464.06190786615
210,159791.20674624055
1858,201546.98014584155
2228,151965.80586498242
447,206456.13942412712
827,231084.32531738983
1649,193964.14152522341
682,133708.8220487707
2698,96907.14137007143
494,164862.86044810762
214,79653.38234923057
2441,224195.09683500926
2679,106202.23836415367
1336,121533.52619904482
465,174243.5618244363
1524,136288.44084055428
2543,117595.91576213147
631,140477.62661355254
2452,285427.7629725996
228,151131.79788288835
126,173619.64386405153
1092,219624.48774225445
1122,200610.710918805
932,201502.01483796982
1980,93256.40427321133
2171,112245.73441493462
551,159979.6045503933
2768,164535.28929490078
2056,117190.10314739551
1159,330942.7082167571
2645,112563.60990355698
1174,170700.76885907727
2266,196724.51088846393
2462,415688.2228743163
1219,146575.3613267139
2922,158546.3583033315
118,142702.17334981673
474,170263.76205247518
2576,143891.77732109424
872,274529.78255209286
1077,199234.11086805328
1536,134950.94599953727
1150,123082.90979371358
2341,299381.30591286905
1931,146674.82641105383
2785,131085.80099262102
2538,130710.49624787885
597,180784.7007236019
464,171968.72991264507
233,218497.99542621194
2169,131123.22044496416
2123,169298.5101382417
1867,157099.89784446516
137,229854.90499420356
515,228183.93178557718
933,115666.42577944307
2784,164916.7599772105
972,164472.86639485764
599,149432.9742162645
2614,126907.67353097229
2582,141475.2413221465
1409,150539.99640408385
175,95190.59449963119
352,200903.8511742228
976,101994.36356353246
2134,187340.73947301306
984,116714.35788207664
2396,337353.92642944155
1673,146701.61306290573
404,120883.38404431487
607,155438.360205344
814,151055.84029415064
868,179885.7933990214
2271,175846.73913085542
1633,207507.6628313661
337,159445.65573221113
2765,169043.43121448386
1746,235262.28617205442
368,298918.9173361711
2806,195749.41345812043
1662,180583.17812212338
1234,205797.75541399623
1373,126179.46910733599
1672,118366.25145767431
1939,129241.77792604898
