Id,SalePrice
2658,147685.41328894594
2718,157253.3969842227
2414,217337.35307886216
1989,100089.54620216243
625,172686.92258498204
333,94379.72993420258
1327,110545.99648866468
858,153130.1859510757
95,177037.06805168383
1568,158962.02825442064
2482,156353.2571301124
1364,118314.0112823147
2584,141914.15697076113
818,274898.71981924865
2673,150117.7028413036
2089,132332.04879993247
1297,154535.42659416632
790,111930.83624696288
2616,183838.478629347
720,183154.97904933692
222,152793.5914234843
557,136515.86854849503
1148,190589.60223091865
2766,159428.14804978474
534,181902.79933573294
1452,122689.78145018368
630,130162.70927991784
2648,114987.51525167972
125,155501.24434666522
1904,77603.15965121127
1670,115452.32291741965
756,95102.96157060082
717,221942.88003632904
1032,150615.31301259468
852,205245.79633296837
1731,173303.72906400842
2639,121749.54007575412
2071,102246.6694469011
1267,125367.24632222849
1851,193323.71664259344
567,161760.83766044816
2439,209236.35387135332
1898,146483.70619688026
647,152130.33385931668
2256,217309.38571757637
979,93851.40623923528
1444,218708.14763177067
2485,122044.44550308345
157,127624.93363601688
88,124630.91775990352
2003,108772.49695139054
186,205999.71061519193
1425,239749.29640319038
2695,128583.22733949267
738,109724.0788125842
395,153871.96407265723
1353,162541.49505407645
1878,139355.33815127745
390,152477.08471851182
1456,240511.50245234958
1103,328536.9450670855
1387,122610.67985856652
2070,144557.510495531
1199,171664.62486151335
2479,173200.93534590976
501,327580.36048247735
2362,101985.15278487818
1718,199622.188787229
2188,98431.7643991823
1483,154011.94792270075
2557,93493.4283665593
437,397151.53688590415
2224,159954.6398101361
1628,166538.254913243
397,143592.4927778332
587,193373.62041471497
971,137731.7345718525
2611,143109.15772586034
1887,106460.34376929772
2399,366538.2317380592
2148,195009.54561083188
304,111007.6789086693
1997,123172.85578002232
2817,116234.30720361954
1431,207767.5417150066
427,337352.41669047496
263,125667.02396943228
598,178279.41320196897
2895,222591.03261873152
687,132526.46403757238
1822,135397.27817421776
2191,109189.23020823201
179,127689.80231556583
1009,205257.30608499603
2010,131308.23402083636
1991,123727.7199416941
1411,153924.05803903867
1721,220347.94790486814
1144,189832.84911260815
593,210676.4748433814
575,307446.62484977505
1249,154715.26043334248
1604,125219.1324381515
1064,663963.9176503519
1923,153262.79539748313
1988,106230.15023576972
2325,169956.0795369055
114,201262.52277344253
2700,157752.87484551495
217,128880.15284890535
343,171173.27361025495
386,210575.7446351578
2005,127826.40934811035
2908,141824.7271663308
1814,232423.09790898027
2446,712509.6914318493
208,135901.36946791268
1679,107529.94305565738
822,326312.6374517706
6,191177.79027069526
1781,433734.1540308444
2397,272845.2720858211
2340,304499.6281990658
1618,179396.41291487004
2843,108692.29890255535
1061,384837.1035360856
2786,130549.21648535329
1935,136527.3739114612
1341,120390.47469974968
521,276277.58723143995
2136,135879.53584805861
996,200042.30872692363
227,144992.23538217376
135,171531.44147967012
1167,160155.7914536995
294,235289.28821687656
1776,202202.18093441793
540,161325.72909577884
1717,199954.91393423037
2303,136117.9034969278
116,172827.1252750176
127,136616.04025527812
1371,132912.87621257882
1014,124622.69208774052
1507,115021.96797080223
702,119991.95254389726
750,138632.29922765357
261,149879.37576439822
1559,78801.11254841319
577,220644.1440011211
2812,193290.25722395725
2080,150728.36557379496
1368,110756.07926583156
2376,130321.35339319323
659,106304.25706468431
1235,139578.25673550632
332,85020.54188849728
1917,140460.64380122517
2094,254625.80682684307
1460,250788.35380864458
1471,214496.39863751602
1509,125508.81247081103
1922,140944.90745936905
433,695381.1338706478
460,232714.78991620426
1116,235372.53112164914
1137,161689.86840910625
53,171371.6550026489
2354,261621.4168823158
1475,192533.77454049367
1761,934871.4315514084
842,144408.64393877075
2739,157092.79131625596
2509,147453.9751470209
1007,199563.40659654798
2610,180118.79528502308
1952,84280.17597782108
2719,156131.1410219604
2921,87061.00039886594
1966,139482.08171368865
292,109283.6491062913
1204,185082.5080653646
1829,295983.7411072117
2419,184141.33785674736
391,144935.668538467
798,105038.2351124631
481,200226.51857306474
193,202914.748781297
555,123466.22429679133
899,81065.28431106092
2357,170801.32778474156
328,116643.67727936187
1356,118172.17734505532
1154,108676.44661609372
1730,176806.08388474386
2249,159925.6586397992
1119,278402.01983347314
2856,141455.24936236095
1394,135413.04968455987
2587,124284.63152651138
61,315668.2998990603
2661,177877.25038727414
2711,136176.22923870897
1147,186624.28166531608
757,126165.33002010568
2623,103720.28393217815
2378,143106.4415327531
1413,137446.91881087475
1722,212172.7905523209
1112,222047.78040991936
1623,188784.63012551138
1201,184900.0170199773
1513,112914.38954070318
957,247658.5187841417
1171,265354.8285467533
1145,181041.55235460168
2726,227725.38449623188
703,143103.40957044577
760,99386.75956778045
1964,146621.78486732556
2512,164452.72181337708
159,139968.74057955187
1281,163911.80868220786
468,180708.82301492587
290,114274.55891668594
665,95895.86056460827
1463,254561.22702019842
1792,224204.58486695835
923,145917.86301498045
500,265566.099880029
1408,163727.20909584017
331,87896.2796595795
170,118811.14957497195
2192,103294.67273785129
2571,315586.35449241986
2314,174938.91727226047
2647,91213.22955989622
422,493606.88133938523
2457,408747.35532479733
1838,198195.12509377697
2805,247826.3673841605
1645,150489.04835814255
1711,290096.94453007984
2825,227142.76572397127
322,344808.0202614548
2103,250832.5538178099
342,120971.76268398266
600,115800.7030038703
488,174747.55061639735
1725,283974.1277752841
2246,287591.9331583203
2847,152561.0151189531
806,234207.44531318662
530,230356.38849411285
963,178737.76528548793
2678,96550.53878203673
171,100259.90685656395
2401,493587.2387112189
805,219158.24756164156
2259,224867.60817384528
1748,185257.7788571207
1361,138925.1118070172
1677,109330.65278617224
1406,143083.72311624105
2322,243335.89493232107
688,145716.59646420198
143,140937.39157420953
804,207881.10058935976
1214,129254.35432762865
2828,137946.2603836099
1999,159610.07450030962
2467,194962.59649578264
2665,148994.51067992402
1538,459118.07114424394
398,122613.5844693309
2822,136108.1091432679
2157,144269.2358442199
1856,207172.79833434505
1269,105779.1928834632
2570,118917.67350622737
2320,236924.38329722034
1517,137165.80832260475
2304,137833.09885183015
1312,100672.99336576046
2012,133486.07844283813
506,241152.82736799496
2865,236754.58191215427
2367,100808.06572777104
554,89339.989422147
238,130977.75905325261
1954,120179.41608702323
2488,125088.46724979854
2291,83857.02479390285
1969,112245.47726772456
2725,152381.32220558362
1482,152057.356061175
2763,194318.35649893113
503,249024.90400834652
1584,245657.69335173623
1531,141387.90644411754
2210,158870.45947759788
459,316858.53621142183
556,131614.10703665632
1347,120022.30204814298
1290,82164.8326855368
1388,107447.96314039292
1571,209204.21004888468
2754,198599.11232091702
765,141825.5038886585
2494,130058.05801004727
2870,254330.78044163706
7,209607.52924274802
1114,241761.74697046637
2418,278245.2607955156
291,119115.9229323309
18,309610.7652323305
39,384523.98329750774
1001,242885.1036685488
2442,224173.40423235897
616,123768.92614156654
2680,83346.68414321836
1414,127472.95137720011
289,143846.19972765242
40,243347.60206862062
860,123914.05249781453
409,137548.59650281174
673,146190.8787103841
2427,172448.06182974103
2036,204454.735498468
2564,144440.40625491674
642,142414.09442180075
1008,174964.11062646087
1908,137712.25073462428
2519,204460.07760563804
1369,98380.19568548053
2855,174813.72218260035
712,95587.51701630515
1943,120018.4367739096
1958,125510.49131786182
107,161031.38551793565
2295,194433.76938147328
704,97882.50323363379
676,122899.89838571106
259,181708.83306649717
93,286438.95672759414
106,243010.0623374571
2315,176246.16812817552
1050,115457.20443842164
1095,204247.88161321712
2709,153293.36400521014
758,128797.3533072192
1496,149001.7686771877
2370,114536.98117697319
2458,268306.429488647
2733,130053.9752883277
161,282072.1752905984
726,150934.93474823164
845,202382.47212958208
947,248963.2000806752
2232,114861.81107309296
2563,153556.07011178505
2299,131060.81417142828
211,95022.68145256031
605,143167.50962173298
1478,191061.56576299228
2247,282599.56909649324
2274,197296.51650289565
2869,216472.07527447114
967,204959.09586958485
2656,126520.13150729972
667,194784.34336638488
1042,106183.30278570337
2023,148112.1708837049
2447,403868.0807489082
2055,123598.0854362394
2275,284454.0336518308
2204,170298.70020233575
1563,275807.2804770909
483,196458.97004488087
796,127728.51547258042
1526,165959.32566884853
2042,126187.50357546032
442,330540.2910960754
1693,309965.00596936507
1468,215983.8099961927
1430,193885.99949672492
2605,134103.87650852406
1529,206031.3010041472
335,148088.62296873596
1287,127112.78831629787
31,99774.03340785427
1785,300580.8747041449
82,154545.72744397775
2620,130504.69438967117
252,180916.91442476038
721,68995.30044047374
2165,179802.8248485397
2316,186727.71316482712
775,135201.51423728984
1558,78167.29125528406
17,239521.05952098317
1022,217540.48260805293
925,129697.11060031349
438,266948.21861980134
1270,139563.9956883838
1272,127223.34175568797
215,130071.11125103223
266,228883.71258856994
2402,271291.75116875005
1250,131209.21999935573
1984,116351.79033865046
1279,139421.73755484406
377,259153.9337542409
1252,121983.96229371594
2156,264128.1012448387
499,331376.3127234411
1374,131869.03429125776
2898,258631.49631686904
401,116276.31184835215
2721,153647.34053331512
2078,243859.42540165022
2589,129952.13524335247
1946,231211.57698172386
1334,121469.30254792326
2781,224647.04940106746
431,408514.03093209467
576,197647.5618513947
1474,204829.12218485077
2254,144326.1261824654
2155,288598.82294015004
885,102276.45363580696
643,135796.06084665094
1944,132508.86437119
480,196007.40702151906
2845,103122.30191197693
2387,315117.99543569423
2407,194261.5529971442
2527,163717.65368484586
2514,150594.74357874293
629,144938.71489618436
80,250099.14437016286
1876,141284.28387743363
1546,123883.16801231654
2518,179449.17373867502
2347,155797.6816979898
783,233375.81323501188
1322,71233.77750085964
194,85474.86455949553
1770,292144.8628794366
2143,129122.94026898261
1229,198508.77480332993
511,290110.34839323745
46,220983.71032425287
1348,144305.32968141435
2465,192201.0718743279
387,231005.99460789867
873,211472.00899731528
1918,129349.04709713683
2764,230758.36704082164
2184,125117.97981341898
934,132522.72120449806
1920,131061.49575706375
2631,146356.76912670236
1768,748084.6075747339
2040,110156.62376855264
1749,217994.92426181113
834,259213.19960061766
1457,231285.20098261905
79,120959.5859459462
2302,125575.84764275883
1817,150700.93214748034
2755,234025.0371036535
359,177891.12817423337
2059,114896.15916526272
2092,243037.35092660045
2516,227232.2038319349
150,123606.44857325459
1656,136026.13416809472
83,88226.25568919834
2411,178340.75350453667
795,84995.0642082069
2312,222216.03210092481
2917,91269.70607921093
1624,174769.55350801058
2215,345560.3250198604
1211,151136.58076757952
1485,154485.6624994618
1024,154198.7169238149
570,198992.31594910508
2874,136271.70494288157
700,124581.35659309893
2756,203535.51614192934
2022,183159.25031755056
583,238534.7347255059
2392,383887.95974521484
2424,177267.2907527364
212,104830.7686627641
736,129070.11961624969
1610,149469.82682951348
890,128661.0917893126
467,181129.71988885084
578,206880.689176534
1747,198300.17699964152
1149,156993.2054005928
2758,253037.8709598507
857,140712.0325903127
2219,304088.8766238316
733,76887.35450417578
2909,106850.87290082428
1798,264060.8130215724
235,124098.1172174463
2366,123001.57988181243
1027,136054.3303132837
1195,138991.52412454633
1303,72539.66708682477
148,177641.55248569575
608,152978.14461481242
2515,189118.4729628607
821,256697.74747450347
2500,258100.71042728453
745,104002.02119712264
741,126885.6606194936
1611,107471.31499539269
2532,126067.33976024136
1081,226105.28665061702
1692,485916.7948956252
2520,174463.75922520686
276,102236.65602132767
1992,117977.57477284253
663,76681.73540586338
418,129301.80415499563
1733,191611.71026971363
2359,150208.56045500704
253,177955.14169618435
1518,161254.3649294994
2035,126493.97648338487
2919,84503.98556447143
1540,270096.5015261973
2120,149391.37937082464
1674,174141.99486740146
256,155375.28111348287
2361,122913.57183429616
978,84685.14086634267
2280,154097.89283501203
2095,234823.64842887098
1709,344686.34185719996
2801,251663.93581267179
1246,116742.62944386537
2373,98816.06440145645
1055,287012.1580707475
2017,119658.00028766888
1099,263957.3884507198
1344,90700.46575078816
835,177518.59669743347
1117,206854.76866183706
2043,98744.39031098658
2085,122919.0507244154
410,141676.7750274629
2650,115222.00605753742
2867,181978.05424185836
1668,120230.82045110912
1161,159507.6969345307
2122,176556.14595112088
2539,152098.11252454776
1047,137433.77325662924
1445,132234.58346193164
541,126151.58573886189
569,220625.9006186239
1276,121118.8029402798
918,142957.78593494545
326,168558.45637780617
1936,131067.72344290171
895,101628.0413363378
257,154303.39959194386
1241,174384.28043449513
1545,108771.58406666372
1189,156697.9332244285
270,147925.5574001245
2066,160801.5295237688
693,111083.37466819458
1259,134458.14376243265
2916,151970.00433084933
2321,301094.26216765813
1977,93319.56911496485
1895,148032.00625823176
1240,158045.04314790436
85,148430.18454790357
1823,123946.77424071888
825,295712.84574715194
110,233799.86837678528
697,119048.86616415225
2297,127448.62216796495
1231,136480.287162203
1355,133671.63176785776
968,344692.7465697059
584,219753.8654223788
1315,125863.62096929317
1606,150580.28623015867
206,94796.13419909208
1685,347484.4604526343
2016,140070.92783776263
869,200190.75763087202
2135,126823.0462588118
2346,178487.1622964925
2430,229420.2468738746
2198,78144.53471556149
2652,122075.49767823234
27,119868.4091730852
241,162107.64334543142
906,125995.50922451458
1506,111881.73773936585
2098,405851.18026917125
1435,218231.06464910385
2213,134330.8920760686
1274,135256.48240114277
743,53015.053171866195
1737,193875.98521995117
2797,283459.65302429436
2185,79464.10164892099
58,169859.09635767678
830,192143.80079507
808,116149.66995726986
680,142550.0743334855
1153,111513.11944628405
1291,134479.97937149383
1818,138775.99940605625
2161,182012.02152808398
1883,124262.79218910095
350,378505.1067612952
2473,134097.03347642385
295,187986.82716226092
293,174854.67032483174
859,132471.51351234442
288,80098.95547558376
1578,141768.51160035923
102,190147.2387216573
2831,138653.85976913985
1030,149536.12052476453
2551,147994.01868981213
1286,142364.50935502854
958,310877.36395471636
776,135200.75235219314
72,232854.7201200315
2263,246316.76261573608
1866,160342.85269094413
2876,79050.32375771376
2146,244527.13733669493
103,164642.12558237129
1500,138142.90664360826
492,181966.55905363185
167,144743.73216705627
2597,118298.81773396478
2685,114811.42109322929
1035,157880.4004363295
1220,86185.95799729289
2602,154153.7403815769
2159,204625.13570986254
695,125799.21131007443
1109,253618.15973132473
640,160488.8716665045
1652,153404.70835184408
2090,208339.36176393853
1188,170873.85933846087
2345,247832.16706755428
1059,458224.696787873
2751,231297.52773056098
128,193772.5210839207
1523,204736.0296861775
2925,172911.79174922136
2145,306419.1205057946
1121,223625.08689825964
566,262803.8332594378
565,230949.86028741967
1331,133896.204676417
2928,134421.88678000093
156,142658.8088185846
797,128101.77437738965
327,95441.82087219617
2859,139111.2488421011
1453,121117.67096969005
1762,367443.2201251661
1868,196494.33173450205
1760,177147.16622678222
1113,243155.93725571767
1812,193092.66314427173
117,156817.68853216158
1142,200841.22970232987
2342,422815.09348505555
927,144749.73074817634
2478,183728.98601242423
655,95039.29029329227
2064,124148.80756220623
369,264686.24166397564
2239,108382.44524330765
2732,208533.01029769334
1653,160000.33336048533
959,207323.57876982685
2395,353008.3067850191
1412,104867.13795113795
271,239149.94221814992
1484,152772.54963365008
1497,152552.1022653042
552,156379.2143598405
2,118413.05805797184
1855,331303.5307719492
4,268440.00325757853
2292,158940.9980275163
134,139219.80778188456
646,112815.61627441227
42,292996.51503882254
532,222932.38714969798
713,96396.6466218703
2561,134237.5838356137
2360,138657.87904044555
1333,120095.50378572523
1407,260156.33065906388
2892,325231.06219177536
574,206044.19038735155
1227,177399.9869180851
2591,199634.4485179813
1476,212592.73071389587
1125,256095.00523649374
1446,149500.90768203782
408,111564.99686598976
1101,287668.7235796091
2251,193683.47275866772
373,170432.5407189863
2554,130790.59562858284
2382,254545.23307053494
1985,86426.4237193998
519,238673.8287857203
1093,189230.82516450234
864,248635.81508313838
2889,138030.81070554073
2308,181503.0425981028
986,167106.4321326161
1302,138682.70808885948
585,152598.86369245104
2708,149489.30347743802
147,132775.48702121814
1441,225517.2630016534
383,187822.3267353239
285,139387.83212431558
181,111051.36542543706
358,193968.86876874472
780,171847.6367230216
258,189650.7892329317
1865,220344.13343854054
692,117537.31213556947
2902,344045.251564561
508,260039.09795490841
2638,138299.823215619
36,141877.95148668298
611,164913.6026988187
2281,146651.30772266115
1678,109410.168295367
1696,517628.75189935986
1557,76584.02698203413
2180,155889.65973234113
1726,208619.53008061086
951,147083.62639568825
267,219137.58101489043
2706,134701.3815556622
2221,254045.0315523781
1357,172805.5490907902
2901,333166.8082450321
347,173285.64878833955
2164,186288.47502002536
1586,321481.10796919616
360,153307.49461576925
1769,239808.59001164726
2617,147553.64892083185
1879,140784.85603205662
991,244428.58595175753
1535,116064.75138911324
1191,136085.6835061223
1579,208952.885769267
1882,93087.21995375303
1510,128360.46918441817
2196,132050.8026311881
1845,174895.24690552443
2336,401390.3451807507
942,91367.45205431584
861,136053.65047145222
2555,122635.0626523821
1392,163804.6623560907
2099,249232.99122356993
1543,118837.87929702562
948,266904.9016445703
1239,165080.04547062138
22,190235.63023218684
2796,238494.94349128805
2747,177991.50298124558
92,287569.8276720785
210,168592.45653075195
1858,206507.25165420413
2228,151114.73840613454
447,213504.84670462957
827,240924.38457207032
1649,206102.17646152087
682,133179.03897381053
2698,95102.6239805721
494,166495.04338963708
214,76593.15274638812
2441,236151.41396895362
2679,101438.83025817385
1336,120414.38992021386
465,176857.91362479626
1524,136538.66777211195
2543,116042.21435920252
631,142120.40225031256
2452,310085.3894494942
228,154542.69593256988
126,190250.58794890385
1092,227533.84492137036
1122,204848.17187349524
932,228447.54650777607
1980,84744.62661940485
2171,111268.71139862145
551,163873.98208485803
2768,172363.52353887918
2056,113960.09301222506
1159,367895.09844948235
2645,111138.60033862309
1174,169300.30214376157
2266,209840.81129917188
2462,466904.51872097165
1219,147997.38994041845
2922,164690.95164020278
118,145552.4945394381
474,168315.53407524666
2576,146523.77462130328
872,293720.35959855467
1077,202373.93534534908
1536,134213.8445331806
1150,122094.26481056403
2341,324384.8284791851
1931,149923.6646012972
2785,131027.15226364664
2538,131271.374063081
597,188917.53480943936
464,172059.38593679454
233,233935.5441373901
2169,131304.8385598529
2123,171821.26252995813
1867,163742.22172615313
137,258561.91923526488
515,234911.54153167133
933,111586.7798066844
2784,168963.13440465453
972,164906.84738138044
599,152494.0644433137
2614,126374.47929357765
2582,141678.86173016997
1409,162902.75334690782
175,89158.76730713104
352,207248.8105290231
976,94978.01513495544
2134,192545.26448853436
984,115075.49502766038
2396,371178.7576491022
1673,143413.17867047028
404,118034.85502464938
607,155833.76481779167
814,152410.2746786615
868,183387.20458339172
2271,179804.440138495
1633,214464.80672172963
337,156815.38549336526
2765,189722.61158972015
1746,246577.38145924496
368,318791.97709528776
2806,202260.11393422587
1662,187366.22196999448
1234,219049.3359171057
1373,126001.65662535258
1672,117441.98508170774
1939,128620.23742381517
