Id,SalePrice
2658,148696.97974980608
2718,160315.13829979292
2414,188500.64579372024
1989,98263.94074339021
625,166902.52185276398
333,96624.47987362585
1327,109349.42627160155
858,102485.87988736058
95,182114.0180655297
1568,162035.7085590921
2482,151937.21231777678
1364,124259.93866044385
2584,138486.23839008185
818,295909.4351508183
2673,133176.47997247163
2089,123396.16877253963
1297,158264.57416766274
790,110907.71773001434
2616,190268.61180477182
720,176325.85236205813
222,148652.80340924673
557,135276.60294180713
1148,178673.87910386737
2766,160884.09359347617
534,181795.67520459776
1452,120957.02893230459
630,116187.06656799329
2648,110815.35274748478
125,150981.63373808374
1904,67447.84108290507
1670,113222.95336232637
756,93402.05645555012
717,220086.77271507058
1032,150501.41126086892
852,203024.61676692852
1731,170609.77130543202
2639,118113.3236459777
2071,106475.90724949911
1267,116488.15701691754
1851,186352.8970257886
567,167136.38086959138
2439,205426.5236334378
1898,145958.3235584468
647,174129.90277372018
2256,219061.1209060679
979,95582.55147797921
1444,215985.09696888484
2485,118342.08147591125
157,127976.74291755511
88,130612.57621069893
2003,113016.70831915073
186,224454.5017470172
1425,236812.71647148186
2695,124492.19251042657
738,107348.87153457053
395,153983.20711517203
1353,162704.91369354847
1878,139182.1349340979
390,151964.9770710085
1456,233774.75460300024
1103,323609.4112110979
1387,138796.418416514
2070,142588.02958648067
1199,147182.68918032767
2479,165424.72385980157
501,252331.81558724327
2362,96538.35898368186
1718,195874.28873235753
2188,105322.00938415476
1483,153236.16346695373
2557,94809.8930400172
437,400298.12297850585
2224,144451.33934727285
1628,163317.7752737029
397,142552.77358857417
587,196506.21727758687
971,143525.3643872835
2611,140981.9140904458
1887,105172.44030988401
2399,367166.62608764396
2148,193231.65447921364
304,111855.66816706356
1997,103676.01331665178
2817,120822.95099400361
1431,193491.2637404686
427,330420.97566825047
263,122298.3461934181
598,169387.40422370238
2895,238203.12295048867
687,138134.3636491889
1822,133762.34905581016
2191,111266.5137054766
179,121188.3427306876
1009,204299.3580284044
2010,134441.56097821778
1991,134549.03412171872
1411,148183.62986069266
1721,215198.87925487195
1144,187438.93343841055
593,210120.06152998316
575,342830.99552611663
1249,174159.2289908813
1604,124703.55675450322
1064,656843.3696571165
1923,153171.49274003704
1988,105553.56061918249
2325,166056.029522513
114,208095.20674452515
2700,160034.88123137344
217,132433.02525233905
343,170006.4515386071
386,204726.68567525333
2005,123651.49528438822
2908,139280.70572144116
1814,228910.56519774688
2446,875842.0269051654
208,147304.90942814708
1679,110771.68109547497
822,334424.3257216137
6,193638.18285440412
1781,431501.23333829734
2397,265808.51255484857
2340,319135.1862054479
1618,178057.72397151953
2843,152446.41000783036
1061,380014.695397355
2786,127449.41566074333
1935,135136.45387033198
1341,115601.75225870458
521,278105.91523559886
2136,131772.34228368607
996,197106.91274508557
227,121315.10521066123
135,180254.42294046664
1167,169189.7096674196
294,229778.68474851656
1776,197706.96849187292
540,161085.8572025902
1717,197321.07278562212
2303,136944.74861040254
116,172804.42404886812
127,127331.35134696105
1371,131735.71850429353
1014,134967.7211736225
1507,113654.64754575987
702,120284.20604423428
750,138512.69345533877
261,154637.33788187293
1559,66872.74924173547
577,217924.92244138196
2812,192392.5220010422
2080,148365.80696866903
1368,108972.98426686952
2376,127702.47033796848
659,101818.3735716886
1235,138660.80283453685
332,86086.21212497097
1917,136867.78265191463
2094,213889.63088695935
1460,243760.20425156844
1471,214395.37961130077
1509,122933.61275783456
1922,136601.465010783
433,707871.2036980705
460,231717.5205153201
1116,236758.30871416675
1137,161605.21321544208
53,170243.851138721
2354,257737.23272011997
1475,189323.53622803045
1761,953460.4290420626
842,134875.61916307008
2739,130143.79374563666
2509,162170.17219594528
1007,199954.3144741445
2610,183103.86376357364
1952,85473.05949808445
2719,163003.48821132688
2921,92187.21819774399
1966,137642.99356295436
292,109715.9947532567
1204,184354.9592587383
1829,301949.6729451491
2419,181808.72162359187
391,145434.66791882337
798,103078.81440592164
481,199140.75510869882
193,214748.65239355387
555,125189.6226464827
899,64885.991114711804
2357,173629.22110480885
328,116811.31811828012
1356,112903.92001790158
1154,106783.75094943399
1730,173433.4595388086
2249,154334.2364348866
1119,279974.2384793903
2856,136297.202871924
1394,142194.39455301705
2587,124269.76209821373
61,307233.43637207424
2661,182210.8606227119
2711,130129.54358552005
1147,182639.0793910767
757,123754.45080648156
2623,98847.75486260011
2378,144918.8982868408
1413,130800.48218339671
1722,204157.28413773142
1112,220936.31007105185
1623,189719.6945804406
1201,175624.91047711263
1513,113716.6870230386
957,3702726.2290115766
1171,261420.07899374134
1145,183526.93050730345
2726,207951.62216643596
703,136019.2864289275
760,84677.40527676113
1964,145163.15203954844
2512,169709.65225840945
159,130556.9025437238
1281,158285.0569111815
468,181260.49521501432
290,116014.50412846355
665,102222.32812638259
1463,249755.32958402377
1792,216941.7963510449
923,153097.66546943324
500,257423.3373976144
1408,173375.5051285046
331,86245.37889424704
170,119144.43369225477
2192,104069.82152230373
2571,639067.742982778
2314,172326.36295379975
2647,94006.94138351688
422,500788.55220352125
2457,402378.3896871242
1838,195858.00251186304
2805,249065.6087277722
1645,156310.4648054145
1711,282007.36286286
2825,224075.15469212277
322,336867.88177021954
2103,248254.7558264601
342,120980.44077166545
600,127279.27660557575
488,174745.86198313392
1725,280443.8580319558
2246,284337.2258463876
2847,153660.19959384925
806,231505.9050732709
530,232457.44880202194
963,192046.7577981759
2678,91281.37175148327
171,97789.16150743324
2401,493050.329333722
805,183263.8132484911
2259,241758.69792369058
1748,184638.0202453081
1361,132804.7982538939
1677,114287.29673634231
1406,138575.15383656803
2322,208605.43367522012
688,145191.23782595978
143,141559.35932549174
804,199495.65330958064
1214,154217.08030343588
2828,145603.11755489462
1999,164574.77390271498
2467,160029.9243784976
2665,154448.5950051371
1538,493613.1175870249
398,121928.72928175305
2822,135533.08452139405
2157,145084.07724853314
1856,199996.5557317365
1269,106716.65430196634
2570,119570.156415751
2320,232725.62596585596
1517,138755.13596728502
2304,131356.58898953695
1312,102694.537368383
2012,130115.10277156738
506,255040.3081261948
2865,243908.56673778984
2367,98950.77025214811
554,84053.90531129902
238,126912.69251131992
1954,120151.88175754747
2488,137932.4427316705
2291,87276.363688401
1969,111460.05254217797
2725,160534.03083414558
1482,151658.36867050015
2763,188477.26315128148
503,247393.94219159827
1584,245533.91438334188
1531,140245.66574505033
2210,160794.69177450816
459,322271.230536532
556,130322.88045556885
1347,119665.11410910197
1290,84923.29335191665
1388,106494.20821151043
1571,958843.0117643283
2754,180624.08369404692
765,125387.60479660281
2494,132781.95297792976
2870,256515.53159450827
7,218629.0533667246
1114,243195.53785434496
2418,274045.94711797
291,117793.610912332
18,313419.74632078904
39,380915.6469601901
1001,238574.0752965421
2442,220839.00858816432
616,119824.01261989487
2680,78324.65042009861
1414,141883.4295796626
289,139969.33469152078
40,239756.32565174415
860,122242.06135337011
409,138893.4953177182
673,145493.20701417825
2427,169213.52252660366
2036,201270.901525177
2564,142003.02514989523
642,145066.46799972348
1008,175044.03566281058
1908,135057.4844386128
2519,201594.6161924771
1369,105544.24780593517
2855,172118.81230834988
712,100011.95772356828
1943,111311.6435016981
1958,125044.56427881401
107,156046.7910939618
2295,217070.68824144913
704,97493.04635459097
676,156586.71649764682
259,180816.17112550442
93,282464.8918704936
106,243971.0233705172
2315,175540.3903282142
1050,116211.57154009819
1095,207670.13789745033
2709,145692.6964642036
758,123234.66569380341
1496,145749.38484646278
2370,121406.60761652848
2458,264630.31856864167
2733,125468.11739717785
161,291920.4831548295
726,154623.30785693033
845,201461.87132564248
947,244890.37973058748
2232,119859.70691061222
2563,149025.4926948164
2299,143215.22829265002
211,89133.06660629148
605,146780.0957384778
1478,191106.5803294974
2247,281410.73410117475
2274,211683.7154977086
2869,216692.94627856853
967,207988.66273931804
2656,122386.97451369648
667,205358.56270219258
1042,110704.9400184719
2023,146288.73722828866
2447,411390.608181018
2055,116912.25721075709
2275,290109.35344081715
2204,158684.33218945612
1563,275375.19316287764
483,200455.17029172243
796,125195.20110326928
1526,175886.44057397102
2042,138275.64427198604
442,336102.51993883745
1693,309512.87063731905
1468,206043.93737135665
1430,181628.64587482405
2605,138383.09479726697
1529,187049.79532002
335,158600.14614552882
1287,123015.37504185856
31,105746.09542402737
1785,292748.4026338023
82,152981.28905936555
2620,108793.19472247979
252,180940.91558289307
721,61336.84286005089
2165,176190.86993347437
2316,187252.8898451018
775,133219.87974489768
1558,75894.23177678131
17,237833.91611182928
1022,208978.12183772904
925,129041.41611138971
438,260745.31895574555
1270,147200.95338407456
1272,129218.98148015657
215,121727.50353175044
266,228294.99536707695
2402,268019.05710163503
1250,127514.4079015845
1984,123980.63212960032
1279,138504.7087921368
377,264460.2172083017
1252,124155.27594003246
2156,259140.6442268759
499,327434.29749484156
1374,139825.9322295407
2898,259713.1258983836
401,118847.26341162516
2721,162748.99420029213
2078,214105.55538913564
2589,149941.26585654213
1946,234742.38359522665
1334,117812.05562920746
2781,223818.94348102104
431,413401.77303580596
576,194915.78335862196
1474,206342.56841548745
2254,143335.22308156954
2155,285792.7669753567
885,104306.74556090528
643,139489.48419464563
1944,124716.38960400248
480,193823.79886044422
2845,98568.43509924242
2387,318165.6015962826
2407,194044.49553145553
2527,157512.19343255885
2514,153265.14090666716
629,161644.8766969881
80,217204.38540420926
1876,140509.94833736643
1546,119909.52927926788
2518,172519.80040459847
2347,149255.01264441892
783,234347.1268251773
1322,68046.64910795364
194,85156.07438611126
1770,293206.60698643164
2143,126071.81401589641
1229,197281.97047698256
511,296449.52589282155
46,221127.79605575808
1348,141020.85114557983
2465,192275.39067448684
387,234243.10701134143
873,211577.11932087567
1918,131212.3019248629
2764,228846.15658671389
2184,118992.85452176502
934,136201.79414545896
1920,132494.8038893186
2631,142218.24336093295
1768,992198.9248173289
2040,111439.69147568881
1749,213500.64721192053
834,260593.80993055963
1457,227650.0320619532
79,120865.58076406275
2302,123712.59863047113
1817,145114.61156351896
2755,229711.3116718374
359,174624.1384640913
2059,117236.76320937763
2092,232597.42542263542
2516,218996.25446393515
150,119548.43440463954
1656,135771.60470668692
83,92791.2592469524
2411,178322.82613033647
795,85601.92107686689
2312,222848.45592302864
2917,92188.90530135273
1624,169394.83818081982
2215,356841.2474757977
1211,151688.4884418317
1485,151131.8507379388
1024,166455.59825936522
570,199549.0949728081
2874,136809.41537491375
700,142085.4712732526
2756,200791.44400708278
2022,184836.5539474014
583,229915.5429080827
2392,365948.4828813305
2424,176170.1328307152
212,113438.98572658157
736,133061.17597440453
1610,158073.1142469701
890,127661.68533448725
467,181511.4431731023
578,190912.83987267592
1747,197686.8632097958
1149,156256.73729132503
2758,254756.81528094446
857,137068.95223036187
2219,258321.17949391218
733,78925.90430146274
2909,110743.80662882766
1798,263393.11849325034
235,129655.17116167796
2366,125682.08809486237
1027,119191.874310876
1195,132910.50663949616
1303,70492.46403949225
148,173270.24756294163
608,141940.50790225057
2515,184879.49514571583
821,259380.7315016726
2500,256571.77189418417
745,109505.99068594737
741,128292.15859894287
1611,130413.58083954437
2532,131866.28443202886
1081,223547.25098933894
1692,491801.91218720685
2520,171953.65593210736
276,108608.50246398734
1992,114947.49047351941
663,75478.51237259971
418,127800.27782721452
1733,187010.8581556809
2359,149821.01938857842
253,181307.23611663713
1518,299040.4697734101
2035,125230.79041181612
2919,87374.52706487002
1540,222279.3045282763
2120,149211.06020792676
1674,168290.93371306572
256,154538.3767587115
2361,119586.06779815715
978,86436.61831861547
2280,147593.5353410607
2095,210669.73841902023
1709,342094.5441850493
2801,252927.34302282194
1246,112996.26308533091
2373,103651.42359772019
1055,285853.1530578783
2017,114445.49092544403
1099,270843.9110699876
1344,93348.42032663139
835,159175.6710952843
1117,203397.23446274947
2043,84733.45539006326
2085,118694.30630835216
410,146739.80206401195
2650,115712.32316016243
2867,181909.56001350877
1668,120822.43452665007
1161,168091.531667263
2122,154947.3133109628
2539,154599.2772399538
1047,138379.28450576463
1445,126644.44119976505
541,123789.47048441481
569,216493.99191395516
1276,111909.57794886264
918,143151.80358888375
326,171307.48184968298
1936,132930.25522751143
895,101613.7965210522
257,141964.5072584149
1241,178661.42947178413
1545,112108.78927069786
1189,165424.36535851564
270,147927.03477676568
2066,178359.36257875088
693,113689.56386013972
1259,134612.04498638026
2916,152185.26690801335
2321,312512.2864009393
1977,94369.49095769943
1895,147571.4032676302
1240,160267.12951592225
85,147738.12120932102
1823,123847.43161039485
825,299883.4535869297
110,235997.7617520383
697,122812.92174060938
2297,125200.93247682675
1231,134390.42225512056
1355,129481.40617034801
968,363626.2600549021
584,222149.10898422435
1315,124348.52845388353
1606,140362.96488562934
206,99450.2416855379
1685,345436.75477169757
2016,137424.013830317
869,197742.58024599488
2135,125423.79838102295
2346,179080.51698924453
2430,228593.0818716205
2198,78081.3600757571
2652,118892.83480228916
27,117298.99064985203
241,164476.8135529988
906,119489.09513978705
1506,106430.60778797585
2098,410183.834086598
1435,215569.83190107372
2213,141209.25628516285
1274,136174.6375687484
743,53942.2244443955
1737,191576.4668514032
2797,277323.54236433684
2185,79478.00921963344
58,170217.02517324753
830,197686.92599834164
808,117486.69596911014
680,142399.2603074588
1153,109318.84529734637
1291,126295.14658790588
1818,136932.12406908683
2161,178172.27781071284
1883,122346.11989236876
350,392609.1811592208
2473,130699.87278343312
295,205429.01144901649
293,188297.41360202347
859,129213.94104261941
288,77729.02107138083
1578,136620.26794937608
102,192423.6784584613
2831,142774.34114547158
1030,147990.37955418348
2551,150879.6765468703
1286,148803.41401449594
958,320029.17522296956
776,130403.10370009195
72,231858.8144096794
2263,248341.62567489795
1866,153233.81930494876
2876,82644.0218025454
2146,243771.68870333227
103,168721.1041889288
1500,144396.61938486344
492,187085.3963924154
167,150397.87569782534
2597,113365.8041058421
2685,104473.18031346855
1035,160026.9887752196
1220,84145.6804277873
2602,161242.10697560778
2159,198417.6688022962
695,131330.79316561864
1109,248173.51253337794
640,164412.7064749476
1652,150305.35747424662
2090,210680.68592762624
1188,173299.93660568213
2345,252173.60950359152
1059,464232.7046074807
2751,225945.4115719184
128,196285.09369609176
1523,221312.65555458207
2925,181593.1679591363
2145,306941.63448318373
1121,220373.34946040015
566,276438.5257846092
565,238187.72491810267
1331,130360.81545929506
2928,129789.81418976962
156,149953.02069420536
797,129901.09715969623
327,98677.0915846253
2859,146773.1289479626
1453,120200.6085079973
1762,364445.84095950756
1868,197065.65936379056
1760,179208.63553709214
1113,239815.41119827717
1812,188539.80118028386
117,157994.76871179673
1142,204701.2908279298
2342,445397.24008131446
927,148932.7758206516
2478,181449.00500743897
655,90842.95788542321
2064,125894.63721022023
369,262430.2548638053
2239,111843.99553556881
2732,204115.49305795148
1653,160534.01757432267
959,212182.284779723
2395,356817.8028063673
1412,101665.78296156331
271,219393.86063201324
1484,153280.89524538798
1497,150230.0189795327
552,154308.76536802328
2,118753.88417489237
1855,334001.24818817346
4,271577.1732310666
2292,156693.0030831195
134,140028.9491167787
646,111159.79557121737
42,288270.3063706766
532,227041.45714751547
713,89624.4403788629
2561,133360.56031763117
2360,143235.98869191238
1333,117498.15960320618
1407,308814.23438893195
2892,341128.19238077576
574,217634.57129539372
1227,176254.24383902148
2591,215502.8462893628
1476,213725.05204752705
1125,254330.62503783754
1446,150256.81620029546
408,119582.36622374499
1101,290755.35405592754
2251,194739.27529145085
373,171323.27561880642
2554,128249.5898436437
2382,249349.56542061642
1985,87814.77500988387
519,239742.00742137362
1093,190003.44767331393
864,250371.5048113223
2889,139559.09589238634
2308,179318.5896744962
986,166298.72919437045
1302,134001.59138936532
585,129875.40642318578
2708,151794.94743136776
147,137224.36978920348
1441,227641.47043696852
383,189890.81337758427
285,135914.97852581745
181,118715.021001539
358,166883.95423351225
780,173802.56081907594
258,190881.26157094026
1865,218389.19072344078
692,117408.12050498252
2902,360757.25091509236
508,259696.08616663583
2638,139357.00689905032
36,145027.39191750382
611,161067.03742817993
2281,146149.01583361303
1678,113518.78376712331
1696,530458.0775575396
1557,63121.6113868446
2180,137017.4733857039
1726,207735.86980330868
951,145087.374996906
267,216326.93795785884
2706,138076.532416505
2221,250691.6694842504
1357,177541.620009234
2901,351192.73501345847
347,177475.5453227922
2164,186470.26576681083
1586,332503.43089567305
360,154484.11140405558
1769,238868.358202254
2617,139963.14791229233
1879,150935.16290380238
991,243301.17878423948
1535,115468.87158127183
1191,137079.57654179222
1579,210253.38591475328
1882,211850.94705291928
1510,126475.27231982256
2196,107960.41866837342
1845,175565.33192551616
2336,414792.76063506294
942,87765.79206256023
861,129361.88725786073
2555,115692.42583723967
1392,168429.91821525528
2099,245807.94789444475
1543,125294.51849415935
948,272989.70290892
1239,166635.58013468457
22,179755.80390276207
2796,237639.59891706717
2747,176608.04029804782
92,258430.60418147422
210,174468.41746570478
1858,199668.76350674313
2228,151116.05539300243
447,211123.6840633578
827,248114.38688857612
1649,208900.38611530056
682,132884.4357320881
2698,104676.3791185621
494,165609.52255703404
214,72244.58922789345
2441,232675.54520925743
2679,105755.52041266437
1336,120105.78088426776
465,146230.02853067775
1524,134926.01902439466
2543,112950.51806267105
631,140423.88006647435
2452,307147.52156056074
228,154116.68840013226
126,188312.62477834855
1092,230392.13588852412
1122,202023.5233762633
932,222177.0820361674
1980,92296.8182744831
2171,108026.56933469365
551,163125.10260388948
2768,167569.56027807132
2056,116914.64357779591
1159,376855.5267923914
2645,115450.74098391527
1174,172798.83054426932
2266,199329.7076915405
2462,469484.6588663062
1219,149051.1751068738
2922,177004.850701939
118,143414.9218348518
474,168582.3066346714
2576,151931.53460929674
872,296876.9689503757
1077,206302.30430461845
1536,126207.96422977839
1150,123649.0450367759
2341,329904.1666588796
1931,142640.64854817963
2785,129089.1314634114
2538,130585.96229542371
597,194142.69769275273
464,177386.91616600743
233,239589.1139306639
2169,125880.3966199422
2123,171520.10586470584
1867,162185.934529531
137,272594.3613269611
515,234489.04556878633
933,117195.22805713289
2784,161115.48482621633
972,166503.38441382867
599,159313.60523110558
2614,121104.12796202791
2582,140673.75576806627
1409,169012.38452026556
175,81310.54064617424
352,208164.8652196025
976,96022.95325168128
2134,190787.1410746019
984,113468.96987610648
2396,370978.6587214601
1673,143385.03031824244
404,121793.3154221314
607,166207.48014318198
814,148436.87599710058
868,182817.63618764115
2271,179703.27034519956
1633,216385.75217932597
337,169047.23268827033
2765,194554.37706963203
1746,248767.84375500472
368,321688.41354090325
2806,205722.5689051311
1662,190404.66366593656
1234,209784.04695727097
1373,126446.78301375026
1672,116530.90909322923
1939,121383.31311441044
