Id,SalePrice
2658,151853.9930169822
2718,158295.12561460282
2414,189418.85391727276
1989,98281.13772940465
625,170041.77845526216
333,97068.67319198184
1327,110894.50398932805
858,126342.75064332948
95,184933.00242511928
1568,165538.23754364438
2482,154084.96234122515
1364,130617.75009791808
2584,144620.94805826398
818,266669.6785212549
2673,136064.55940898438
2089,118270.67288421234
1297,145764.63587495754
790,112208.04903037703
2616,186271.00315722096
720,180965.7850540018
222,150315.82588759976
557,130187.09680785325
1148,187840.7281783613
2766,166485.82417238888
534,182557.68701193246
1452,122685.04284426698
630,117624.44856679883
2648,112894.95143991862
125,153494.69056024184
1904,72342.91722018356
1670,110458.7277625968
756,104299.59628387784
717,224424.66967150627
1032,153781.79991846383
852,204039.2468820762
1731,174988.4604709867
2639,118037.53934704095
2071,111517.97448908417
1267,116555.34774482332
1851,187110.68266787552
567,161993.0285073014
2439,206154.9372874795
1898,149753.46853096824
647,167912.7126422356
2256,218617.9967765033
979,99408.01784332193
1444,217216.81393176736
2485,122710.67843085773
157,125631.83576280609
88,121108.15692220016
2003,113113.69658806002
186,220026.7608515866
1425,240350.6323500696
2695,127619.37386093712
738,104904.41334023142
395,158592.1903303768
1353,157613.31562135566
1878,139594.19637383157
390,156050.79625126082
1456,235856.92392488432
1103,325758.10746800783
1387,129975.66610772176
2070,145668.4212359871
1199,157541.77611303807
2479,164773.5865426308
501,302542.6347259507
2362,99460.68467418314
1718,195074.1520356553
2188,93411.66400240484
1483,152298.43674293347
2557,96534.6427181695
437,406990.55507059087
2224,191562.90022034707
1628,165755.34280185707
397,138493.30757273512
587,198695.60861805815
971,145236.0816952417
2611,142589.87121094024
1887,108394.24773057466
2399,364784.2434077817
2148,195734.63140563216
304,116891.8324365208
1997,119233.20706844232
2817,114962.19289900166
1431,191210.31473084856
427,320243.0654208209
263,123968.56023349894
598,172151.05471312834
2895,227283.09522463952
687,150973.3041095091
1822,134964.93524790477
2191,122727.80533518865
179,124674.3127291356
1009,204459.44173007685
2010,128200.32103240117
1991,139380.0165098789
1411,150181.1265210873
1721,208142.68981389492
1144,185205.2772907868
593,214850.9676029117
575,346809.0966524386
1249,165653.8930042174
1604,124355.4856252742
1064,609124.738076238
1923,151849.11179323008
1988,107649.1490295495
2325,165135.23485465272
114,202113.55396913833
2700,159305.1813544537
217,135344.07435954132
343,172691.99654782275
386,211945.53663071417
2005,126738.9671998645
2908,141059.83996722606
1814,248754.85516455528
2446,698910.8532442385
208,145742.35829249595
1679,112309.1985481324
822,332219.1154382638
6,196252.36656495236
1781,420165.167715077
2397,260332.69795356598
2340,312033.3894035454
1618,180823.09937600887
2843,136578.72599922275
1061,375374.4023135853
2786,127360.43323356773
1935,133551.20455762948
1341,114875.92208691551
521,275262.5029288575
2136,136230.91883780548
996,195437.079089781
227,132491.61299396656
135,176483.81595562497
1167,171563.40906883916
294,237684.8420595931
1776,192902.9095343981
540,166054.79374317083
1717,196348.27269760726
2303,133460.33589454854
116,176647.3104581513
127,133825.96874014754
1371,138527.1674175049
1014,126466.1935933088
1507,116920.32946853802
702,117047.09737452504
750,143024.03650059295
261,160486.91515594017
1559,65630.73040748536
577,207256.5993769519
2812,193574.52036176884
2080,149890.45306864288
1368,109552.27571701522
2376,127277.99587735005
659,99467.8764604945
1235,133840.21003716954
332,86915.34994204302
1917,137254.57060737722
2094,250062.0253027217
1460,244284.9498239091
1471,213698.3703543527
1509,122942.38641896333
1922,134788.3717820744
433,656247.2123790575
460,231332.10550846017
1116,237377.39303233774
1137,167451.89843528174
53,167715.28360621887
2354,264058.5903715507
1475,190866.57396006963
1761,795545.5953670649
842,141535.99716329368
2739,149361.30901366644
2509,159743.94319410514
1007,196019.52763489963
2610,184184.93455453677
1952,87990.15757648408
2719,159981.28397925515
2921,94216.56233168513
1966,139228.65188130326
292,105141.0990759966
1204,181934.24768263643
1829,271027.35999095626
2419,183182.3292737405
391,147843.8500513284
798,108639.35358136952
481,198376.68056269677
193,202092.703895049
555,124397.65071602727
899,65171.35072851503
2357,175683.9869686305
328,120409.59251241958
1356,117823.17822862136
1154,110447.50612134785
1730,171892.77891403367
2249,150700.4045263438
1119,279406.9669704238
2856,137092.59480682103
1394,144268.04185854632
2587,135923.20807560714
61,298354.6736794513
2661,170248.64339458334
2711,134191.54724729573
1147,171347.79851032715
757,120690.45159553176
2623,100178.69446322753
2378,142347.92257777174
1413,135562.38069013832
1722,199184.51355987316
1112,216085.83517161902
1623,188661.15269376352
1201,178871.8976499879
1513,109859.83857845172
957,1618146.5636755987
1171,267191.8336510209
1145,186690.38381838854
2726,257411.7583648093
703,146626.00724027984
760,100861.24192088623
1964,144819.62580814827
2512,173524.59913617393
159,135768.16141373164
1281,163437.25288371646
468,178812.88862830942
290,120533.70403127767
665,104631.55126758874
1463,254461.00016759688
1792,220659.48861878482
923,152266.35998611053
500,246629.77712906201
1408,184457.0109645212
331,85225.04653768275
170,132829.7630633742
2192,100482.83939542968
2571,287160.02172887506
2314,173363.2092508352
2647,91572.89166773822
422,488862.50607315195
2457,392807.3533876268
1838,187158.34396445303
2805,249359.0768611439
1645,156438.62059191862
1711,282454.3809002683
2825,226645.23988362108
322,324843.1496624813
2103,250519.3561025062
342,124346.64809918554
600,125179.22744724088
488,174759.1247878803
1725,279046.42962997366
2246,286718.0276152273
2847,154465.39496915074
806,234607.95671768519
530,235741.91528713607
963,183888.81677591565
2678,90160.5486427879
171,103308.62602758828
2401,488106.8108595855
805,195108.38958504
2259,244081.76027393292
1748,181238.91892560475
1361,141586.12522175026
1677,118422.19515321068
1406,138310.10694714868
2322,212802.4710073994
688,148680.78073832832
143,143650.81567348103
804,202265.7362981545
1214,151940.78081345535
2828,141781.10985612316
1999,133376.62287123423
2467,167738.74416044896
2665,159756.69702944346
1538,496030.6231956241
398,120694.43956652067
2822,133902.85175478458
2157,145725.36788457786
1856,193567.31483973112
1269,109230.37177678543
2570,120126.2748759262
2320,231423.9894131728
1517,141089.16932655306
2304,130437.08393485245
1312,102777.47900159813
2012,134506.70708145516
506,267621.1114577184
2865,253084.6997213835
2367,100676.0103075718
554,92986.79153034303
238,127289.86462215734
1954,118856.78947074697
2488,132422.3733664855
2291,88860.16177317812
1969,108103.83334987782
2725,160770.96858828675
1482,150852.75124368808
2763,186150.138799627
503,249030.54354818052
1584,245394.7702691967
1531,140318.8458615989
2210,162636.53316177873
459,320224.7585985588
556,131154.9283704352
1347,124194.52262708367
1290,87635.92012316338
1388,107448.75529737964
1571,952906.003728436
2754,182979.28876986605
765,126128.45107317202
2494,131228.58500311137
2870,264135.6004423508
7,215263.66951708763
1114,241006.78047935097
2418,275065.943556368
291,150484.50806020794
18,308000.43698932807
39,383463.4061927545
1001,237029.0920091166
2442,223273.42394842595
616,116045.94026648559
2680,79900.07211202054
1414,135292.37008846737
289,140847.90336540036
40,242543.718407046
860,128280.19423611945
409,136644.2237194571
673,147712.6381895833
2427,170953.57661599517
2036,231298.03652651777
2564,144528.48395810722
642,140241.7735790691
1008,174958.36754955933
1908,131189.06965848364
2519,198913.78189623274
1369,102511.70007130156
2855,173402.36930187556
712,98664.73938245849
1943,112573.16789261038
1958,123045.95165636609
107,151569.32926037224
2295,227208.71422256486
704,101584.3094727796
676,135289.18876294608
259,180979.62541919897
93,287239.09605123766
106,247902.35902520994
2315,178325.18255482355
1050,115773.73190414473
1095,207459.14463810725
2709,143777.65112535583
758,121375.89542533283
1496,150832.99106513112
2370,125608.94025105734
2458,268765.7805079279
2733,130946.35704463135
161,291407.9566099938
726,158908.35332344018
845,203742.3702325541
947,248710.34172436153
2232,127657.46162822889
2563,152135.20265720852
2299,139815.38627366014
211,91286.37241330996
605,148435.65902232024
1478,194335.0032078287
2247,282737.0965411368
2274,220120.06214373183
2869,222203.02810347537
967,207531.7304676927
2656,120506.71027651895
667,182716.01459339444
1042,114481.25411049044
2023,156859.43202207587
2447,399368.59924031596
2055,130187.98060136051
2275,286374.3493445886
2204,160814.45254942018
1563,274868.2817381451
483,209742.32760884395
796,125642.23931085246
1526,180876.90548028384
2042,124182.16410829333
442,339584.7186694117
1693,309355.7416629162
1468,215835.25612514003
1430,184122.3524191843
2605,142127.48039511443
1529,187571.5491499025
335,158111.7214647138
1287,126698.29872572944
31,107167.33648084736
1785,291624.65605775645
82,154926.8572708112
2620,104291.85586894384
252,187449.2706697716
721,53813.01709945727
2165,179548.72145974476
2316,187212.95634118098
775,129300.12755960434
1558,74440.9517542198
17,224238.33039496792
1022,218578.24459770686
925,131884.5633393047
438,260936.387654356
1270,139520.5060890762
1272,126410.0681608963
215,128686.9186965782
266,233274.7759043522
2402,267712.6060443905
1250,131117.03281322986
1984,119850.27164415464
1279,144542.01175110403
377,277577.5432662859
1252,124190.34797263372
2156,264394.91791364487
499,322290.3505886352
1374,133292.47390225637
2898,248078.96269754798
401,121870.32956495497
2721,157627.70380531074
2078,225935.530080294
2589,136015.353816037
1946,211795.47340950172
1334,122403.08080764998
2781,223955.48164123896
431,406581.0251928849
576,190462.43673462459
1474,206997.755749535
2254,143801.7267149387
2155,290908.66335987794
885,98247.61129027834
643,137673.70995948932
1944,127737.17833831414
480,195104.8808333036
2845,107469.4223625395
2387,303347.89441900095
2407,196768.17579273885
2527,161137.9926006301
2514,154359.53093546967
629,146408.83291499366
80,207331.08432409525
1876,137957.42536595112
1546,125791.24982167248
2518,168662.18038880324
2347,152690.89352464894
783,245680.8700905935
1322,71015.18088762787
194,84050.00785419773
1770,290001.8520010619
2143,129081.92376049486
1229,202464.77013310662
511,296861.5977089903
46,221131.4637399316
1348,142506.46925299714
2465,194783.83386868346
387,239637.9911275046
873,215763.77089968527
1918,129760.03866388286
2764,235311.08064839037
2184,119635.8904810138
934,140076.33712423628
1920,131971.09971133224
2631,144844.0023845627
1768,875369.5064700503
2040,119332.95898087417
1749,215350.79718759318
834,246004.5599418901
1457,228125.03768019064
79,123257.51867072139
2302,125974.98755018694
1817,143657.90583121675
2755,230051.08317147283
359,173309.33269953105
2059,115726.68390766658
2092,231888.42377447625
2516,222749.5007076304
150,123387.7284770109
1656,144512.6287048524
83,95258.75724724757
2411,177560.33421109413
795,82831.92580518
2312,224132.0771914744
2917,92769.6561970337
1624,173211.35833683587
2215,346697.2273380124
1211,152789.32511077734
1485,154225.7294775419
1024,168150.87336287656
570,200230.31981608283
2874,143084.425599957
700,140451.48675667145
2756,204117.9909715542
2022,186638.50915255127
583,243300.8230801633
2392,369097.5444592844
2424,177445.35537729788
212,117163.24642580112
736,132751.077472284
1610,158178.67855161766
890,124683.10633950365
467,178314.97371514526
578,191669.8922822985
1747,191880.59685303486
1149,157633.4565902606
2758,262098.43080371118
857,132406.5791322767
2219,271861.7914213004
733,80655.93405301806
2909,112078.68363645671
1798,266192.4529354246
235,122484.84742218933
2366,129957.15922519559
1027,127353.84783127149
1195,133674.59358562485
1303,69390.59245085962
148,173875.15794698946
608,153182.79652328268
2515,183884.7718649378
821,258757.06262343432
2500,254023.0461885656
745,109260.60121069086
741,128862.18096686245
1611,104704.52890444151
2532,128531.34535176655
1081,224465.26865272064
1692,474926.16873980797
2520,167577.94239436853
276,99045.34512477303
1992,127434.88529924165
663,70475.78872262625
418,127273.97951727825
1733,188713.42677451263
2359,147540.15352146115
253,180823.5620156798
1518,193644.476279694
2035,129982.94809113098
2919,89233.53760766635
1540,256316.7347341717
2120,149629.539597469
1674,168534.52717415965
256,151198.39834339215
2361,112015.77567634206
978,86691.96048333152
2280,137094.30924845688
2095,217516.00424572887
1709,343519.9728315618
2801,260002.6314337588
1246,113995.51291326099
2373,106797.26481315777
1055,280893.37672541256
2017,117598.56106972857
1099,245548.3664292355
1344,97707.77892644375
835,168873.48537069504
1117,204464.5284860036
2043,87322.10378139731
2085,118804.39039512511
410,147057.52936776588
2650,118773.74121538157
2867,188677.9240392509
1668,121608.25380292107
1161,169656.7273551293
2122,166045.0787598835
2539,151610.52216281893
1047,137648.74961656533
1445,127995.9479233769
541,128354.71673183702
569,216387.90358645725
1276,116126.96893686012
918,150029.96829504086
326,169816.52541974682
1936,128641.31477817729
895,99169.97871646113
257,147535.98312972407
1241,179854.3743207102
1545,116437.62312912877
1189,167442.7509574809
270,146483.02810845463
2066,174546.6647560476
693,116614.4715294187
1259,140347.50819527457
2916,151397.31470992812
2321,303627.75508681056
1977,98108.64796625666
1895,148794.88189148798
1240,159398.0342211489
85,147393.20233209475
1823,118572.68408794753
825,312055.3522303289
110,237315.88578150078
697,125105.9349789113
2297,124763.15757020928
1231,136346.38565015898
1355,127581.63031524645
968,357584.0151162835
584,220159.458332774
1315,129234.65981100142
1606,144600.7707875639
206,102560.44261166704
1685,351866.40526208706
2016,135971.6472271538
869,201662.40728550078
2135,128374.23256805362
2346,183843.51184273668
2430,230299.33594795867
2198,80235.84777886835
2652,121389.4436361142
27,117789.37118331715
241,164518.10670860368
906,119589.9585862452
1506,108770.38365085449
2098,397990.6045963914
1435,215614.2094788276
2213,137656.43550685857
1274,137371.73109099915
743,56116.680000131804
1737,192420.7095832846
2797,285392.4912084451
2185,78671.98519758791
58,169684.19992447452
830,196823.83259607304
808,117343.7776927046
680,142913.42740632832
1153,115732.0478848351
1291,117747.70572314282
1818,135164.04911895486
2161,180695.65255423656
1883,123012.64503210457
350,388016.0329579763
2473,138064.72154940126
295,192883.7224670379
293,207569.00651387722
859,134570.03821694676
288,78028.84821197044
1578,140741.21203070064
102,181362.99225828005
2831,144370.72050477852
1030,153090.64037797524
2551,147302.7486872156
1286,148632.92614952524
958,309481.0366319985
776,129911.45159288502
72,233096.17543545453
2263,246891.47734870302
1866,157339.34339552853
2876,83995.11199632208
2146,245580.66218352588
103,175084.0098518779
1500,139300.16838848667
492,190912.64193193993
167,146670.92538198532
2597,114254.25284669931
2685,106625.06600298306
1035,159330.10885225897
1220,80201.87198579329
2602,164439.6300554677
2159,204375.19802309878
695,130039.26598864763
1109,257010.7073587226
640,177348.2664699118
1652,148862.08594441033
2090,192148.6332522424
1188,175294.12514971558
2345,264872.64140592946
1059,454986.66407587053
2751,226014.77402482272
128,218599.48955802125
1523,191332.91066537076
2925,188257.2208697877
2145,309260.7695147319
1121,222292.4099534632
566,278105.19129855186
565,253693.20774760508
1331,128066.16436837848
2928,130996.28933559477
156,146723.72354467039
797,131495.47579742226
327,97026.68401059114
2859,146335.18765911556
1453,121715.98008761228
1762,366486.18498563045
1868,196640.3958338455
1760,180560.2732096897
1113,238425.56918600507
1812,186069.57811697028
117,159210.09668715094
1142,205745.11621636932
2342,433714.45408422395
927,146102.60217336466
2478,180938.75609339116
655,89011.5500597036
2064,122836.57343968393
369,261967.68825379555
2239,116794.55130137606
2732,199111.07097105175
1653,160679.54712483997
959,208753.16499383282
2395,349768.1516603837
1412,106919.64325537617
271,247718.64988991592
1484,151759.92798651865
1497,144200.51216584677
552,158404.68967763812
2,117349.61135139884
1855,317989.61606176
4,260569.49882361235
2292,155536.26713137
134,140736.30561295702
646,113616.80815262125
42,280613.49070085544
532,233178.39352441375
713,94348.29555305369
2561,134191.72568982057
2360,139495.84588737547
1333,113204.18962400142
1407,316974.74948564934
2892,343063.9403490163
574,221058.45391319794
1227,177527.5346791854
2591,224137.79671162125
1476,214983.71066030685
1125,250512.13700422645
1446,139213.66368160705
408,118755.2201818617
1101,295432.503594803
2251,190783.727672591
373,176292.20411995403
2554,129373.28670354461
2382,253607.49018613412
1985,95939.80722113384
519,240061.05447839925
1093,189386.0247691466
864,250431.374140948
2889,144945.405725626
2308,177980.9282884335
986,158642.54852788363
1302,142983.2298953423
585,138760.82416129677
2708,152579.5918652983
147,135265.40558600205
1441,229862.4307793039
383,193935.70328816742
285,137259.97740904626
181,113164.10201223385
358,165158.02086400212
780,161939.26027196145
258,192445.48938812374
1865,225449.38685038555
692,115148.58073526894
2902,357038.64736407023
508,254453.88994340278
2638,140671.694739963
36,142666.86114953723
611,169811.21064708984
2281,147183.11263779452
1678,117690.45455063847
1696,532015.3316431664
1557,60430.70377783593
2180,131298.820264307
1726,210025.1848946456
951,144889.83340470307
267,222129.95173426997
2706,138385.58297590574
2221,262494.22025512
1357,180980.90027156877
2901,330929.86959105567
347,175346.65475979546
2164,189439.17162371168
1586,330323.90845340985
360,154419.47118115207
1769,239413.93460211213
2617,146160.49787078323
1879,144039.5406264881
991,245834.9216651406
1535,115807.67855223453
1191,139599.75991873993
1579,205294.86148620406
1882,147626.944302873
1510,125239.69805630749
2196,143328.42207812134
1845,173778.14205054028
2336,383548.2665354643
942,96467.95496547932
861,132460.40737937516
2555,110776.0580704967
1392,164566.17223807718
2099,248588.2598769546
1543,127565.35911518586
948,275496.3300053616
1239,164663.58743797985
22,184755.6122116643
2796,236403.91626903284
2747,176904.5659666372
92,284839.31869664043
210,164183.88932157378
1858,196168.07942878382
2228,158056.82743262462
447,210660.85439917646
827,248597.04737837246
1649,206706.4847544983
682,135727.78888939423
2698,108251.07051176364
494,168775.99736643347
214,65695.9533503541
2441,234165.51642254132
2679,108537.0862818803
1336,119346.19390104788
465,151630.17110046418
1524,143734.34521237444
2543,113380.49788268695
631,137867.12294118493
2452,304939.46627111454
228,153729.68136484947
126,183207.22353279646
1092,230144.9808192461
1122,203036.81824103525
932,236219.24390836107
1980,98472.609514846
2171,107044.18671229157
551,162029.95149714657
2768,167881.63036762847
2056,114353.3895720421
1159,361136.98161786346
2645,121186.8604143022
1174,175441.92701783593
2266,211601.419237865
2462,450910.174667115
1219,148027.73588368885
2922,176808.6987045078
118,143310.54430976885
474,169123.651014899
2576,148666.16785729563
872,301877.12560318614
1077,207765.03819522355
1536,133545.3367741171
1150,121120.2938115216
2341,330535.3593455129
1931,151340.07904219185
2785,132058.20775551675
2538,130952.68334217425
597,199739.96580159198
464,183290.94170807747
233,250955.70792705304
2169,129227.32902976574
2123,172363.8578699289
1867,162777.99306494163
137,271009.77263541333
515,238921.98211613458
933,121406.11480391244
2784,164450.25048677574
972,163985.47203633565
599,152999.70264648873
2614,124174.12215094871
2582,137319.60572337
1409,171153.8700280474
175,87153.13043564874
352,214239.57661901202
976,93257.34622231705
2134,191725.94242806258
984,114389.57667525196
2396,373877.91071121814
1673,144757.79822420154
404,126501.47947388433
607,158151.077169866
814,141912.55029312902
868,185371.8209109956
2271,178816.32141067702
1633,224283.55941524488
337,148841.56867127278
2765,187095.0056042969
1746,258508.4536706971
368,309340.93736436026
2806,207183.81493477442
1662,191425.6004520166
1234,222770.211622413
1373,125142.93597277247
1672,118200.5028866527
1939,125335.02560208195
