Id,SalePrice
2658,8516.96035780009
2718,7063.088436378249
2414,9303.755991126493
1989,5792.147248758256
625,8090.992997439115
333,5225.072832076774
1327,6001.8711367150345
858,7558.260359612852
95,8243.888769798677
1568,7368.893600010376
2482,7650.326987831765
1364,6472.634268731294
2584,7481.104328962726
818,9940.443966432655
2673,7802.738179134883
2089,6433.119174839241
1297,8262.309641194333
790,6323.59474531264
2616,8160.637562746551
720,9096.714027032252
222,7238.597194960869
557,6944.127902624101
1148,8459.670907856113
2766,7724.9805008789945
534,7913.784774944647
1452,6472.821562449265
630,6992.833145651724
2648,6911.022569466855
125,7865.128183871383
1904,5235.493826998002
1670,6216.085666935102
756,5843.721506865182
717,10720.858553042108
1032,7039.952101921871
852,8928.353697153878
1731,7799.940865849647
2639,6628.807940712645
2071,5929.676401895041
1267,6857.418141367298
1851,8719.56018785287
567,7613.102468115998
2439,8723.778444182466
1898,7290.49170921865
647,8437.599987983142
2256,9747.84406323739
979,5098.511176206572
1444,9247.245954084501
2485,6463.533116718714
157,6819.074296763227
88,6793.299492347599
2003,6398.067779206219
186,10443.458599498428
1425,9741.256029047958
2695,7053.1796010052485
738,6892.6527548617805
395,7466.183325185487
1353,8642.049082593769
1878,7002.814640847274
390,7374.051207344063
1456,9568.872539146114
1103,12379.586846077991
1387,7218.095574750699
2070,7374.1454799508365
1199,8232.022473075232
2479,8008.930761120344
501,12305.978107001869
2362,5907.2879515782715
1718,8982.929479835742
2188,5642.264565997239
1483,7441.472914172542
2557,6105.752725448351
437,13360.627660811
2224,7986.975428319746
1628,7698.658258869129
397,7177.116122821149
587,8757.711312180341
971,6844.16304522053
2611,7123.3074490336385
1887,5970.433466610464
2399,13323.705535738693
2148,8558.650457049904
304,6563.533383356767
1997,6608.182241017605
2817,6980.672588513764
1431,8969.055966061673
427,12394.333295372371
263,6557.357343451783
598,8379.92714134731
2895,10077.124130376651
687,6465.890368685445
1822,6742.530307014825
2191,6132.186294262365
179,6859.359805518319
1009,9619.107064091324
2010,7036.251694090604
1991,6693.821544434347
1411,7792.37095734925
1721,9544.077221087899
1144,8354.385036896187
593,8963.017061708888
575,14930.256575763402
1249,7723.704683663183
1604,6435.965813110118
1064,22747.349011954044
1923,7582.729440434712
1988,5847.307322125951
2325,7874.225590961578
114,8767.939671832894
2700,7331.4265431915765
217,6392.0237309554905
343,7889.420841495409
386,8881.38319174156
2005,6600.831863120212
2908,6855.571959039318
1814,9457.957637962816
2446,18597.04935017272
208,7218.223099449082
1679,5844.206639333456
822,12236.960060968579
6,8347.988861350994
1781,15723.345765440965
2397,10692.897484024947
2340,12169.998027580077
1618,8094.7424919478035
2843,6291.944979388838
1061,13368.792096860767
2786,6825.535515249258
1935,7141.398207018729
1341,6725.742154961626
521,10873.112064221705
2136,6871.471060118599
996,8687.347134836804
227,7088.202085846677
135,8512.999364983547
1167,7519.6728941727915
294,10320.422641479056
1776,8737.057625291129
540,7206.8601260562145
1717,9012.659826381843
2303,6887.733441223182
116,8054.712224818002
127,7181.887070085931
1371,7574.041383092972
1014,6101.883304548516
1507,6043.922929265214
702,6331.92602420777
750,8021.034091859041
261,7251.921491573189
1559,4986.674433760437
577,10176.17394633315
2812,8344.05443685343
2080,7670.8752859969945
1368,6339.0024498342145
2376,6802.106804327245
659,6165.957942172439
1235,7333.232635728861
332,4833.90799015334
1917,6838.491548749491
2094,9873.378020176448
1460,10053.107017323826
1471,9077.082623694138
1509,6739.92687834798
1922,7132.304586740939
433,22424.17217977809
460,9910.440989033204
1116,9745.762689639156
1137,7200.130180028021
53,7882.732362469639
2354,10435.814872174225
1475,8482.713567412944
1761,25627.246627346718
842,7053.477098017358
2739,6818.033728535314
2509,7115.685415179959
1007,8727.732127645992
2610,8615.291455471415
1952,5673.003771110813
2719,7095.259494971409
2921,4833.678853404368
1966,7330.1799141718475
292,6158.421102474782
1204,8371.133864863948
1829,11823.07861155299
2419,8118.729470145685
391,7166.2385973517285
798,6204.114656689693
481,8502.27715662856
193,10028.01758613501
555,6608.655641622028
899,5133.011419548198
2357,8001.314621388313
328,6144.21490094755
1356,6627.758431007207
1154,5038.9399418913135
1730,7802.336261816248
2249,7916.275143138782
1119,10903.885976025895
2856,7507.4014482835355
1394,6804.225537610554
2587,6613.535370142797
61,11972.678678643324
2661,8765.542809792027
2711,7228.798532681584
1147,8331.514939555573
757,7081.816155389458
2623,6316.417915761396
2378,7293.9649245509145
1413,6786.361718181938
1722,9361.71078316059
1112,8973.874429961497
1623,8031.627838924321
1201,8535.74383713199
1513,6375.813663765859
957,7093.040003544356
1171,11440.236467177456
1145,8157.158254097015
2726,9731.556232986228
703,7210.222908031799
760,6151.320241901861
1964,7536.1846231645495
2512,7542.31172764365
159,7159.724133530075
1281,7889.981213090234
468,7831.4969519344
290,6514.770708689682
665,5918.588153164171
1463,10093.600968634119
1792,9408.054208381212
923,7702.92007615748
500,10657.29756149782
1408,8040.942308829562
331,5078.365064884268
170,6749.074266158115
2192,5964.791521338315
2571,12077.996901745446
2314,7761.616569153359
2647,5709.166921365389
422,15523.789994233503
2457,14390.336160074252
1838,8859.870232715815
2805,9860.279592268318
1645,7123.49472818936
1711,11039.561767722718
2825,9319.54500334983
322,12583.92825807294
2103,10118.778915080587
342,6851.3751894126335
600,6127.602479325519
488,7743.449037597695
1725,11581.019518341429
2246,11792.794383561075
2847,7744.885593621748
806,9760.499198184983
530,9505.911301592756
963,7912.022148960895
2678,6219.651847531581
171,5624.91956290384
2401,15864.789771821888
805,9216.599509919157
2259,9238.67181987592
1748,8014.728066382454
1361,7204.154349313375
1677,5830.148705214864
1406,7476.417284836753
2322,9732.868202959198
688,7226.044985409444
143,7320.496830922024
804,8932.63679586577
1214,7559.744576883296
2828,6641.170910541244
1999,7789.078768547343
2467,8748.783338556044
2665,7989.357880256849
1538,16285.208129044075
398,6371.161484751639
2822,7060.6903678063245
2157,7073.92741102735
1856,9203.111956537658
1269,6301.920016949639
2570,6587.274340583011
2320,9684.549212489772
1517,7723.260527911457
2304,7102.438878250573
1312,6058.76268643271
2012,7509.9503943544305
506,9598.861147473246
2865,11360.293214684338
2367,5566.619137237713
554,5728.564669653873
238,6973.93595282656
1954,6630.110039659935
2488,6363.175510620468
2291,4674.805492061186
1969,6408.0540081803665
2725,7110.18646266535
1482,7345.096114838433
2763,8379.259656134533
503,10277.651193379126
1584,10017.917398896969
1531,7788.637588225886
2210,8510.740609027242
459,12664.213282754159
556,6643.463575642452
1347,6637.199237529632
1290,5282.761485906363
1388,6129.138290779534
1571,6193.43805100863
2754,8783.949155146096
765,7115.990309626301
2494,6837.84917865492
2870,11077.256001854437
7,9150.598144049745
1114,9683.052954554078
2418,10670.188511283293
291,6128.124704484389
18,12167.404637924
39,13678.4389352655
1001,10503.410747706934
2442,9350.620808889058
616,6958.512911706513
2680,5324.631278850725
1414,7414.587966742966
289,8322.673821768467
40,9859.0369388366
860,6535.225731779863
409,7037.393306807778
673,7410.108008904834
2427,8009.0103795058185
2036,8884.606173939825
2564,7316.94959135471
642,7152.973527456954
1008,7741.9491912618605
1908,7246.456261135962
2519,9353.733691010608
1369,5775.8335043792795
2855,9380.097009635792
712,6011.714121341313
1943,6853.859333773823
1958,6834.4430054801915
107,8250.268643955229
2295,7866.662645533927
704,6337.459264144089
676,6790.844954275676
259,8242.800014287046
93,11084.645924475763
106,10019.36492775004
2315,7856.823399014971
1050,6364.048696838367
1095,8558.98562154646
2709,7537.0389236495585
758,7053.169456234673
1496,7235.302677494623
2370,5989.932596036686
2458,10561.604566566955
2733,6723.819205837144
161,11285.431062912789
726,8018.618969549105
845,8884.340752562395
947,10058.26218369457
2232,6155.760986798962
2563,7887.547776328421
2299,6735.57011206889
211,6200.808461139111
605,7031.4535357136265
1478,8232.943507855642
2247,11577.899338096784
2274,8919.74735434864
2869,9443.810650810512
967,8709.382221440035
2656,6545.959232861266
667,8361.702702372106
1042,5632.948183059799
2023,8022.182068006414
2447,13890.557907737351
2055,6391.292424880641
2275,11097.661325530893
2204,8876.081019806094
1563,11494.510390785681
483,8494.752076444518
796,6591.878001611438
1526,9067.827583455763
2042,7326.194611620468
442,12158.369300804907
1693,11454.948990181067
1468,8998.566223234571
1430,9073.321105376035
2605,7455.497118348902
1529,10071.713434592773
335,7245.980888836586
1287,6605.731381473491
31,5374.99595777183
1785,11614.497726987267
82,7307.542199254844
2620,7154.42779833479
252,7837.783454875196
721,4336.126261557762
2165,8026.511636904117
2316,8174.941505095916
775,6823.039452977981
1558,4795.231891839074
17,9764.171210909466
1022,9308.956787050107
925,7610.614923580951
438,10615.936353079369
1270,7174.031442119602
1272,6891.415868079321
215,7398.924182112267
266,9444.181795529597
2402,10708.203393749634
1250,7036.448368422029
1984,6175.975650673236
1279,7272.110697906971
377,10324.469465527949
1252,6483.8002341890315
2156,10505.866972237858
499,12197.485967131064
1374,7221.9690121184785
2898,10589.658833885753
401,6033.928209357868
2721,7278.089937125542
2078,10199.223210790526
2589,7937.272857276703
1946,10315.536127369289
1334,6834.702385988478
2781,9273.191899998164
431,14039.778328293372
576,9431.57784053173
1474,8778.877074582744
2254,7076.690205825367
2155,11195.07643450319
885,5577.813346080381
643,7357.781206003457
1944,6996.067968420889
480,8484.88164181237
2845,5993.6657982523675
2387,11436.909041966283
2407,8688.762629281555
2527,7676.379191922835
2514,7054.300450565591
629,7341.266071175673
80,9753.57688521702
1876,6909.19806009285
1546,6699.794326829741
2518,8404.631157973756
2347,7412.903736258353
783,10370.988338719255
1322,4943.52324312255
194,5497.559264371531
1770,11104.132396002882
2143,6661.129506465433
1229,8900.054969153223
511,11188.586058141696
46,9517.822936804214
1348,7678.615375826144
2465,8603.356587521446
387,9735.39737940687
873,9043.403302006049
1918,6910.933221535176
2764,9567.291148416098
2184,6562.496534760673
934,6686.231718050304
1920,6887.736960620979
2631,7371.031947602542
1768,22172.015882034113
2040,6328.829277984586
1749,9108.060613004604
834,10568.487844456451
1457,9421.556426154115
79,6274.622267294148
2302,6423.61840546614
1817,7334.075191152651
2755,9716.351751677144
359,8061.12791265721
2059,6272.986862140768
2092,9702.37580957159
2516,9756.328525868676
150,6997.102663264102
1656,6695.880934843821
83,5750.484221335336
2411,8020.4257265999095
795,5021.5984114995
2312,9183.34389776406
2917,5389.009057256514
1624,8040.367883756743
2215,14410.978220856796
1211,7486.97148980394
1485,7608.065025285931
1024,7220.866728718877
570,8677.390907548515
2874,7789.098941749549
700,7104.694130550467
2756,8913.035114944703
2022,8907.767287311863
583,10168.956916960975
2392,13548.171051374937
2424,7979.970485280363
212,6340.533885730328
736,6885.07104103882
1610,6842.555899296534
890,6613.351190183107
467,7778.076047726655
578,9206.113578474164
1747,8615.683859767305
1149,7574.440901116961
2758,10131.69897504721
857,6863.536463568548
2219,12823.37199533939
733,5403.173018739526
2909,5639.603151856833
1798,10440.427047999669
235,6853.013687684929
2366,6254.913150242187
1027,6990.210778314941
1195,6947.998694548749
1303,4846.8838222083
148,8266.014661759527
608,7206.620963362885
2515,8202.433937035283
821,10158.19802020139
2500,10130.103560297672
745,6161.594568694039
741,7008.988612557739
1611,6089.620927924434
2532,6711.8371134675735
1081,9470.531315390741
1692,16017.265161098805
2520,8677.862460128592
276,5863.37674994851
1992,6567.098830344519
663,4682.305626524123
418,6914.7697388891775
1733,8301.515280719335
2359,7294.7899528116595
253,7909.087626059909
1518,7740.741111706637
2035,6773.372910900433
2919,4750.562349502754
1540,11916.531034096364
2120,7004.39021644188
1674,8038.6311688193455
256,7686.8280071301215
2361,6776.309824739977
978,5121.6412069391445
2280,7696.221307588969
2095,9710.488100046676
1709,12218.310193450556
2801,10017.96762397656
1246,6786.052852447327
2373,5454.831591198009
1055,11198.84041224166
2017,7174.736692591947
1099,10575.250432516636
1344,5228.653361145579
835,7768.079389727394
1117,8854.418152409373
2043,6017.001515076924
2085,6133.966612848043
410,7136.281480007088
2650,6714.925429090825
2867,9315.701920884989
1668,6362.08938557056
1161,7446.6664935955005
2122,7992.935099340007
2539,7540.703514311369
1047,7120.260417228191
1445,6779.501760734436
541,6167.1795268200285
569,9314.506543604264
1276,6872.949368138493
918,7807.428137753696
326,7446.117412926494
1936,6807.853168511302
895,5800.373733611681
257,7406.457857145489
1241,8085.778492233573
1545,6062.263630156565
1189,6854.712561506518
270,7078.6304109870025
2066,7441.478972165417
693,6679.4199120650255
1259,7438.618408937815
2916,7579.938587261761
2321,11430.227141846532
1977,5614.231048967192
1895,7418.868032207219
1240,8375.198547939037
85,7212.856814833667
1823,6781.668416670802
825,11194.52678926688
110,9808.662799895541
697,6590.816888953384
2297,6796.054324899881
1231,7145.798566268994
1355,7084.664992959531
968,12744.34436839991
584,9494.837626489812
1315,6882.8317920480495
1606,7417.351231415414
206,5371.547770956625
1685,12898.26616258471
2016,7524.396164107597
869,8695.065600325417
2135,6604.115273464267
2346,7971.423804195045
2430,9816.503190307094
2198,5861.641907813501
2652,6600.146046777037
27,6392.048789979091
241,7184.937089786191
906,6998.157775321146
1506,6124.241707678048
2098,13835.295475261253
1435,9374.59447056753
2213,7500.6929999985305
1274,7212.177156658524
743,3822.5965689440022
1737,8514.527928990163
2797,11059.061335030248
2185,4806.319956528945
58,7655.693720267321
830,8467.853911981087
808,5986.71087314116
680,7344.082711918696
1153,5914.768374499879
1291,7603.955637606541
1818,6629.9454530501
2161,8054.046861914414
1883,6655.1305562906455
350,14347.838450421894
2473,6506.570668382805
295,8693.919030265919
293,8341.957671491527
859,6815.235275815077
288,5348.78314147489
1578,6769.686808836929
102,8180.726921112105
2831,6314.115505121178
1030,7287.30936334139
2551,7592.0919498377825
1286,7558.249917761369
958,12030.76168119679
776,6800.453547250725
72,9799.731833796894
2263,9968.46263021953
1866,7944.007547464591
2876,5207.629584801269
2146,9837.43165723646
103,7638.354234710912
1500,6594.033227576393
492,7917.235440165575
167,7485.795147561164
2597,6331.0387466461025
2685,7005.807930787286
1035,7575.0840904269435
1220,5546.19166813493
2602,8382.46046365983
2159,8719.83112578468
695,7120.181933344486
1109,10254.02815469339
640,7368.081314281759
1652,7360.603220661627
2090,10304.88911324474
1188,7982.152462121211
2345,9932.8558984323
1059,15031.69213004905
2751,9335.560770141119
128,8535.306924743803
1523,9874.595907469256
2925,7619.36675238356
2145,11496.017727839222
1121,9708.241526459162
566,10429.740229755465
565,9151.054408343107
1331,7414.621312098969
2928,6718.06176718032
156,7166.836855368697
797,6374.445089892791
327,5221.725524766662
2859,8057.586888802566
1453,6417.9863442412425
1762,12906.698140675146
1868,8791.912475361183
1760,7807.669814858024
1113,9907.813567517676
1812,8477.401441309035
117,7633.407267614127
1142,8560.247555120302
2342,14467.531837121245
927,7814.345188226355
2478,8151.671905766788
655,5676.647830102568
2064,6426.567916473258
369,10455.042804196373
2239,6634.61598206288
2732,8432.401990133814
1653,7468.495083962698
959,8828.863476620103
2395,12657.41385100622
1412,6024.597687045219
271,9494.80027966646
1484,7320.524991800174
1497,7017.480194243839
552,7427.063944170033
2,6496.20117581926
1855,12531.987160094146
4,11153.20781602006
2292,7674.936216957243
134,7216.3720621079265
646,6303.632897681556
42,11689.79557709126
532,9359.357577547738
713,5697.093078180139
2561,7224.49147868769
2360,7031.757505554976
1333,6443.949223760024
1407,11307.968773741266
2892,12020.351083829326
574,9100.620180269672
1227,8616.302345122493
2591,9483.559898592353
1476,8908.781166899858
1125,10268.567133714105
1446,7464.814362489198
408,5992.857470941527
1101,10729.234625920704
2251,8426.44990592943
373,7848.385957911112
2554,7333.791669555334
2382,10334.904610038482
1985,5735.040106167148
519,10013.272638360178
1093,8079.590797726793
864,9822.75966026698
2889,7028.571538964939
2308,8356.412640289833
986,8359.581354873775
1302,7305.454893609608
585,7199.106515018949
2708,7517.588307565214
147,7082.128130940456
1441,9343.876985578267
383,8162.794398367778
285,6768.581011995009
181,6483.679694420153
358,7377.086359601133
780,7830.306741598972
258,8260.058650716403
1865,9281.774850743488
692,6399.229187423169
2902,12764.48844009069
508,10501.977812154259
2638,7420.915258295069
36,7109.089226472308
611,7707.537451867236
2281,7603.600306622298
1678,5864.110558639675
1696,16975.41115009601
1557,4681.888514392687
2180,7159.9996657835645
1726,9224.237768229974
951,7249.112009719815
267,9035.853364482253
2706,6795.989687704689
2221,10986.265182223484
1357,8861.437408577634
2901,12295.49010199641
347,7974.773642939967
2164,8272.682624410256
1586,11566.946025928097
360,7260.3950047755525
1769,9731.178528880033
2617,7703.6315885177855
1879,6821.661019918732
991,10290.803124685572
1535,6864.599387367261
1191,6975.211472830619
1579,8934.252244591302
1882,2277.2404893855473
1510,6875.374757952201
2196,7303.328954176732
1845,7948.645783742449
2336,13885.04239134959
942,5816.428457299757
861,6936.65804001379
2555,6939.193570346257
1392,8271.425591328223
2099,10064.96242482036
1543,6174.737420403202
948,10851.262554973242
1239,8078.50356778207
22,8817.568882657304
2796,9699.761376352008
2747,8107.27373090536
92,10743.857445079664
210,8001.706684492317
1858,9704.907243082842
2228,7479.198100575724
447,9069.568218828239
827,9566.82351844769
1649,9144.516063861178
682,7126.1164089774475
2698,5746.61492245681
494,7681.200094725005
214,4605.173874969148
2441,9319.29602930601
2679,6315.552707517562
1336,6705.610868581196
465,7833.950842878879
1524,7424.721112361729
2543,6426.5732321940195
631,7558.666155033921
2452,11555.361513792897
228,7270.406561914065
126,8679.104475881886
1092,9631.634040617866
1122,9004.007894960037
932,9738.533016090243
1980,5506.473458026774
2171,5999.124674380147
551,7688.109922343963
2768,8258.021939289114
2056,6278.947004867323
1159,12973.786462114507
2645,6768.21215062499
1174,7983.402452588366
2266,8896.067332224135
2462,15090.280775513276
1219,7285.878297192539
2922,7512.988402550102
118,7241.345801749513
474,7810.573012961978
2576,7502.398778132127
872,11377.603072859598
1077,8948.325218357077
1536,7480.0402677954
1150,6186.348682471711
2341,12358.213271593899
1931,7415.619853363521
2785,6898.050429882029
2538,6764.11496502533
597,8283.336217794535
464,7978.003831643601
233,10709.170752025644
2169,6883.533558231028
2123,7744.521650424267
1867,7731.6986101095345
137,10766.397101735054
515,9764.53658754171
933,5826.854956829772
2784,7942.579594478264
972,7681.016243712362
599,7543.138954178953
2614,6971.312339930732
2582,7064.023843749635
1409,8568.732670543242
175,6029.059079726742
352,9210.756173220489
976,5309.289570240314
2134,8359.391161103282
984,6079.279697570156
2396,13371.994120701815
1673,7107.493315464206
404,6114.810146545254
607,7650.348504677044
814,7270.211186319757
868,8168.602754226547
2271,7929.984445611952
1633,9241.316765103236
337,7265.240043908712
2765,8323.738977037481
1746,9446.84235058333
368,12161.374074988906
2806,8659.553504419113
1662,8345.154407964821
1234,9127.16256257875
1373,6537.355476880224
1672,6237.981601640786
1939,6921.765327552874
