Id,SalePrice
2658,155813.33713855024
2718,167914.66664539426
2414,211336.1155874832
1989,95951.4243682178
625,161029.4232687371
333,96774.07884751642
1327,116819.82269485045
858,150606.81657622926
95,179608.58907587334
1568,169995.8800531333
2482,154545.70269608623
1364,134527.89054544535
2584,143292.69432623242
818,284901.61383916275
2673,165707.09457224605
2089,110042.74376950198
1297,152822.83832844553
790,109651.17769422852
2616,164361.10292161966
720,177489.8137093605
222,147277.85758429067
557,126738.45865630505
1148,195737.93586298963
2766,165505.6744879813
534,192453.83975496507
1452,124655.43940756076
630,112266.07352266287
2648,108694.77072114617
125,146077.3162227846
1904,70564.89877023263
1670,111632.96305044564
756,101458.03076998769
717,210294.06199819213
1032,157009.09420985324
852,209994.7650177548
1731,174205.8636007985
2639,117272.49838270072
2071,116289.06962285173
1267,102622.03061660506
1851,181077.10921788524
567,150067.42159421943
2439,206927.30314182094
1898,148471.4205147986
647,162681.41181230356
2256,220709.65801750982
979,98819.94573928461
1444,220105.03634890547
2485,122310.03979282029
157,123542.40760428603
88,118996.17529665778
2003,114787.5078778291
186,216363.46159941104
1425,253209.60008200808
2695,126162.79988210254
738,102111.67909983011
395,157569.0115671494
1353,149883.56600602754
1878,136716.30270294147
390,163504.5410298138
1456,241834.3583866172
1103,344744.48133012716
1387,119643.82524637172
2070,140445.5491621224
1199,187047.4758232084
2479,166681.83024978836
501,306967.71971803583
2362,100524.69494760933
1718,197601.19109796983
2188,85331.42287065952
1483,154677.6347308713
2557,90690.11265622424
437,397372.72502566274
2224,214821.81134293784
1628,164323.29357850246
397,138695.60918036822
587,190082.4305407992
971,138668.0201455615
2611,144688.6756701125
1887,106847.43208834535
2399,366278.652824564
2148,202308.6938796291
304,115328.97856641171
1997,132490.9080433352
2817,109984.34468809889
1431,171885.84624130226
427,334923.36118166323
263,124674.58386816616
598,169400.24483563146
2895,223801.94182959074
687,152583.82093597786
1822,133669.89025237493
2191,125642.44918594719
179,127110.94480727788
1009,190066.5953167367
2010,126183.50830603423
1991,141578.97351857883
1411,145046.06394997978
1721,224953.0746485928
1144,185815.04308360562
593,222957.69279433202
575,344900.343513423
1249,158913.99605397973
1604,124523.44085746763
1064,608416.9212239846
1923,151383.67754426072
1988,113129.72062172808
2325,163604.2394658622
114,201149.1838974891
2700,166637.1471127589
217,140321.73605280087
343,169566.27548392728
386,213040.4646289804
2005,130400.33222535891
2908,146247.45857320112
1814,253038.61286552832
2446,681590.4836110312
208,148293.12529615802
1679,118087.90540329747
822,342073.24446856603
6,193457.10663151203
1781,440211.67046206107
2397,255125.2578576817
2340,296882.2880735931
1618,179145.27212438732
2843,126257.29823951681
1061,371124.01395040884
2786,128416.04688980791
1935,133042.81466067128
1341,107914.05658473415
521,273092.5342537218
2136,132223.4174356427
996,186979.2431707588
227,150165.52937902565
135,170630.7727010965
1167,160123.98002518428
294,232150.56535386792
1776,196483.22466565078
540,171804.3870186339
1717,193991.57542024896
2303,133438.78815499478
116,179693.5177837354
127,128095.68737293748
1371,134511.98515320942
1014,110578.06907003668
1507,114961.90031829063
702,130143.26970097917
750,140281.35520802162
261,163218.97752178553
1559,65605.3632872192
577,193006.00929588501
2812,197761.9462925732
2080,149754.11642743877
1368,112454.12680529727
2376,121760.78259567269
659,91819.63404901755
1235,134499.32956536926
332,86986.33055784185
1917,137592.99551791843
2094,238630.32800954263
1460,257664.32852796328
1471,202510.55391727944
1509,122447.76298770698
1922,134761.39491196576
433,644285.7382262558
460,238181.9655848455
1116,240788.29107427516
1137,168606.88024247246
53,166477.812328537
2354,251279.33943984902
1475,196334.42595312453
1761,863363.2360034047
842,143968.1574938561
2739,141356.02194602546
2509,153691.97738534963
1007,195518.00617670198
2610,182434.42492728028
1952,84730.33474892014
2719,172523.2267998495
2921,93467.84657374704
1966,132288.8175375787
292,97462.40157073726
1204,182532.8276661757
1829,268749.8889173023
2419,180350.1731586123
391,147760.33266080366
798,106306.66074333253
481,200190.49288302762
193,189428.99197380245
555,128146.28192990998
899,79247.77580315253
2357,171519.0407263455
328,114002.68747652844
1356,112738.50146409654
1154,112005.40085969592
1730,170226.43057248747
2249,147223.04252513076
1119,266132.870259391
2856,132020.96451485294
1394,143920.93985042803
2587,140961.3258514156
61,317404.49273403623
2661,170135.1185955624
2711,135855.69576990075
1147,170331.9372165359
757,121733.42518857624
2623,94825.00278662659
2378,143241.27867622324
1413,135599.00223949
1722,209693.74950415656
1112,213245.77780045467
1623,187392.1730943036
1201,181687.27838059302
1513,102954.15198649821
957,1414319.480405689
1171,257157.27732343622
1145,185684.98694481404
2726,252548.17040962272
703,143337.08610956266
760,97445.71635814964
1964,135633.80671757372
2512,171858.90758266012
159,150649.2820535056
1281,156514.26536529997
468,179451.33805988246
290,115963.25825635795
665,104275.7491571326
1463,266786.1686883733
1792,218203.95054606278
923,153855.66146875895
500,252930.11269570436
1408,184511.86768260293
331,85235.76191096588
170,119065.08163812227
2192,97410.10755365662
2571,246390.28633066954
2314,172713.55797271008
2647,92687.68588840957
422,509157.3650608189
2457,398425.24831640493
1838,190313.38820508463
2805,254360.03127513902
1645,156727.99447149204
1711,282539.88837127516
2825,234314.3039120351
322,336032.6222702792
2103,258649.7925376339
342,126045.81403189969
600,126235.86168483683
488,178164.66763234072
1725,283876.0098642263
2246,301794.94748475804
2847,147152.18570957868
806,246197.90650527805
530,224670.59634042895
963,180377.36645057003
2678,84939.17276470213
171,110356.32876641426
2401,526508.2728709324
805,217736.01594408072
2259,246328.9076619125
1748,178113.21854882414
1361,144631.89275822917
1677,126654.86581497533
1406,133335.67938035913
2322,247576.89105865132
688,149135.60851834176
143,141665.2938252004
804,200134.48938957753
1214,146503.3885243747
2828,135262.2855519071
1999,131033.73868267506
2467,185068.8808475414
2665,157034.4817336665
1538,527481.3502145703
398,120813.86020422111
2822,128674.1281392403
2157,146641.71030964816
1856,188796.81098297553
1269,107765.95814791259
2570,123355.5010651326
2320,236286.0707795873
1517,139585.14168368172
2304,125597.69412522574
1312,102097.00010224481
2012,139800.9050954397
506,280032.05805695074
2865,259275.66604858794
2367,116164.15196815919
554,92186.36426563835
238,126142.70110642679
1954,119930.5162924759
2488,143787.5657922578
2291,89922.1592650054
1969,101437.4844036897
2725,161175.2590443688
1482,154677.6347308713
2763,187125.1548157775
503,240158.07137007322
1584,247809.27541385227
1531,136721.00218101605
2210,180726.9543370562
459,323595.8321242817
556,133184.93080774636
1347,127638.066816577
1290,89161.3435831448
1388,105546.62105611306
1571,955647.6502392456
2754,193818.72352894422
765,126942.16546619618
2494,134881.24499378755
2870,250308.01440504525
7,205025.25503883898
1114,250526.78490261428
2418,276264.48912515637
291,168370.16329005867
18,300828.3384943389
39,395528.0490456569
1001,232860.60505320528
2442,226469.61938496665
616,108897.818520313
2680,81497.13657687395
1414,129056.91605116456
289,125249.05827773495
40,246974.42347160768
860,126435.87312741828
409,140649.8301741293
673,148020.50577363424
2427,165302.99727805256
2036,232636.30643083496
2564,139985.0327079247
642,149021.12128343392
1008,181646.44890227495
1908,140196.8658492061
2519,206555.80883198814
1369,101686.42634710486
2855,172035.8618196413
712,96438.83846292271
1943,106758.0990974289
1958,120787.11095226878
107,149107.63690935154
2295,209301.27780911347
704,99561.67574943019
676,132104.45111656492
259,179303.25854862694
93,299024.6337102643
106,231493.2617321631
2315,178353.2485650823
1050,115160.70009159684
1095,205044.88187512112
2709,142726.17436159137
758,129419.53066020286
1496,151446.02811484784
2370,135168.07233455766
2458,268126.94213891844
2733,126418.86013192665
161,264179.6206803834
726,156104.0890890718
845,204189.95514562595
947,260725.3122409142
2232,122221.28924440258
2563,147590.5417690479
2299,139321.9075033903
211,92783.91817183248
605,155283.55467432248
1478,199393.77803455843
2247,304496.1214965281
2274,203936.9235149596
2869,227441.9305248388
967,208352.81366590713
2656,124053.78461290433
667,194289.17098119244
1042,123391.52887874488
2023,145894.27731254578
2447,396496.3032037328
2055,129819.13704019267
2275,279304.23181971704
2204,155429.2108404976
1563,293504.2883715539
483,214408.14648327738
796,121298.89275876604
1526,182383.25978250607
2042,123239.70750677398
442,361360.22579921735
1693,302637.3426359957
1468,217509.04219907167
1430,183848.86006837268
2605,148285.20340859913
1529,177990.04410082262
335,162582.68394707958
1287,135267.07957817384
31,114189.67559472813
1785,295048.04375336133
82,158407.95866767716
2620,132524.9475252201
252,196259.8599319194
721,52192.06049588662
2165,183426.32645039546
2316,176813.1828882899
775,125881.45368377634
1558,70621.93117196718
17,221520.16987410118
1022,228995.3583824401
925,126975.22118047733
438,266606.53212281317
1270,134935.4582592613
1272,123300.26063926268
215,128948.06372129651
266,236026.16092660735
2402,256560.62270835304
1250,133020.3560837166
1984,123164.86254860193
1279,143007.59383478103
377,285382.8982912873
1252,118615.96195562507
2156,273173.47964051657
499,322795.2541886166
1374,127230.60505351346
2898,262512.8156788806
401,126032.05399730105
2721,152572.29087798783
2078,225027.41183190522
2589,136465.16146707107
1946,218864.38576539507
1334,122527.63443069364
2781,228655.24666254479
431,442367.0916195942
576,190339.34105580483
1474,207615.2710240407
2254,142605.9633218113
2155,300167.53567747504
885,92955.32927776779
643,137304.50110977152
1944,127793.91009250586
480,194987.21562996833
2845,108705.69760317454
2387,295202.28860439616
2407,195397.80827886684
2527,164508.33448740165
2514,147947.4439534458
629,138153.25190142772
80,209573.52957210233
1876,136976.9665832823
1546,130104.25565452396
2518,170318.43210219426
2347,158319.7598766841
783,238675.75112199134
1322,70600.35317295049
194,80923.073011856
1770,288705.12474463246
2143,127007.19753299086
1229,199188.00613814575
511,303906.27762196946
46,216037.9500992781
1348,138686.99136575867
2465,182836.27716542018
387,227094.0490918653
873,222139.59599118415
1918,129403.47955757436
2764,237345.3645254112
2184,120820.85584979641
934,138075.72408442583
1920,130820.3461334812
2631,135309.7727563728
1768,980864.3664267362
2040,118809.14639321543
1749,217372.72977169714
834,240157.55535906434
1457,237740.53200839538
79,125503.4734546672
2302,127929.70011495898
1817,142506.20250612395
2755,228534.94570976883
359,167874.03225693526
2059,115673.59233803234
2092,232648.57740999467
2516,221895.83077885007
150,125228.58215656747
1656,147003.19892887853
83,93620.42647970891
2411,176073.318299482
795,80608.89658359984
2312,228138.17307334032
2917,91283.76830009541
1624,175780.6562018922
2215,319231.2312727127
1211,149175.09835387804
1485,154680.70065263452
1024,162331.64864913255
570,192787.8417535188
2874,138816.92713558546
700,143255.53326636535
2756,204539.3447346299
2022,197953.07972132458
583,220359.26275269952
2392,378401.3210850101
2424,188488.3913206951
212,114578.26022357172
736,127670.46090252612
1610,155274.6734240826
890,116943.03421920408
467,179981.46448673453
578,200028.28609978664
1747,189884.4789851607
1149,159323.78320313277
2758,278535.7229047824
857,135899.3433102496
2219,302434.43983351666
733,71746.9481894107
2909,107570.18535584636
1798,256666.33613746185
235,114890.6854827339
2366,136820.60600101497
1027,140575.81201801318
1195,133544.74218911972
1303,70933.63267354442
148,167540.6843162504
608,150590.26654374503
2515,177217.76407499053
821,259106.76275580793
2500,265307.1167225488
745,109517.91306629089
741,129098.30397492766
1611,103509.2666816218
2532,127582.91515477224
1081,227491.28665255744
1692,473940.46037853847
2520,166685.43155317468
276,110405.33897824047
1992,129628.6131891359
663,67676.21516040161
418,130917.45143447739
1733,189679.68848593
2359,153047.2361953586
253,185339.6643205154
1518,184980.0809673202
2035,125668.69734906696
2919,90557.34556007074
1540,309037.1253651762
2120,152850.11079632211
1674,171706.1116941383
256,151430.9949167112
2361,106694.55653531833
978,83625.52017672177
2280,143918.2242270281
2095,222763.68733111676
1709,329699.7347790776
2801,249370.77801632855
1246,112167.92927105248
2373,113861.5242205345
1055,276387.27626236394
2017,116117.28985200674
1099,244654.3505733167
1344,101855.96535601799
835,187657.78572439554
1117,205572.38376535298
2043,87084.43433150905
2085,122627.64388733731
410,146290.41187141588
2650,121154.03733117264
2867,188254.17620849315
1668,124383.41056887497
1161,161144.01767913537
2122,169502.76347062227
2539,150272.19181151548
1047,140030.37096590662
1445,128771.3642241595
541,133065.1605305123
569,211333.1102026119
1276,113400.3954504975
918,154100.93519681602
326,172925.30807088048
1936,128958.53926574961
895,97921.33048473668
257,144750.51624801135
1241,177083.57137731573
1545,116236.96176305113
1189,176106.96722422933
270,147391.58185283645
2066,163064.50932618458
693,116377.216578182
1259,137253.573693102
2916,143410.01027991832
2321,287842.612015979
1977,96016.46336684168
1895,147165.70849294012
1240,156848.25318163758
85,144726.15580578241
1823,117132.88288977652
825,324054.06858358235
110,226258.53355734368
697,127931.04542672484
2297,123352.17678409099
1231,136359.1744731149
1355,122748.35883892239
968,371155.45813424094
584,205651.50230585114
1315,127043.22344174261
1606,144731.40128290816
206,111723.13519893077
1685,353093.55780184036
2016,131587.3108718284
869,203273.31094099508
2135,128105.77576539715
2346,175686.6839980797
2430,231680.16078509056
2198,76784.07531581052
2652,124826.9655051003
27,117015.11571128045
241,164923.9781412644
906,118987.96652237233
1506,106676.9522606353
2098,390975.005205985
1435,205377.4305666417
2213,133031.00118449557
1274,139556.94880220745
743,53709.15747187208
1737,189491.1874997456
2797,286310.87084435526
2185,82121.4006900524
58,167511.95331437056
830,197953.5297605707
808,127166.75469984656
680,138309.44426430255
1153,118684.76752541924
1291,106462.89934044982
1818,143740.68636173964
2161,180456.91382650824
1883,121778.5219746912
350,396919.31987565715
2473,141759.88193954565
295,219586.37658657227
293,200826.1555759124
859,135670.78877783136
288,73989.30620205442
1578,138836.65155975256
102,163347.54346440625
2831,149369.89085381842
1030,157682.3741243886
2551,148708.47734521792
1286,145859.66298877075
958,313784.94704084407
776,132301.80547871965
72,231611.18554782504
2263,248984.50805459812
1866,147820.75425330296
2876,81013.04212490673
2146,255396.85284762952
103,171663.46879164345
1500,136449.3891349605
492,195282.92688257157
167,143086.20191817044
2597,117730.54519384289
2685,102028.12129613143
1035,165408.21586239565
1220,79553.83530432094
2602,160154.89938507605
2159,207936.1796207385
695,142293.2886771901
1109,264263.0605089256
640,175349.05045215387
1652,152327.63763177802
2090,163666.01420001383
1188,175431.83882544987
2345,248696.39074750213
1059,447634.764298229
2751,231293.0296410774
128,233405.89127633607
1523,184846.05943111365
2925,188445.5873801087
2145,331721.76262670127
1121,208751.48805698674
566,271178.730443227
565,256400.39064424005
1331,121062.99278855487
2928,128105.48151065651
156,148380.1975425149
797,129133.27011473691
327,95201.35507186671
2859,153959.20763352426
1453,124524.18431509771
1762,381759.8948455536
1868,199871.89699782326
1760,180080.08794730957
1113,241738.65102538405
1812,188935.4687977107
117,161733.3701341022
1142,202188.99708089643
2342,432708.6340303617
927,144527.8675829138
2478,186267.09948221725
655,89337.51369804624
2064,123083.67727704643
369,260313.60266273067
2239,105950.6503550375
2732,188789.3279697872
1653,165950.72545721792
959,202554.73669778724
2395,334451.4540020758
1412,107744.99679183126
271,253959.29373010524
1484,154069.29268280457
1497,139029.4184382952
552,173769.46817426026
2,119165.8773062978
1855,335409.6092588148
4,257158.15843954196
2292,148143.93039933365
134,135200.02115114746
646,111051.20813238125
42,268054.109965388
532,223600.7455499858
713,100669.79111484652
2561,132928.81737090342
2360,139049.0067438581
1333,112810.40047271774
1407,318989.6275187097
2892,329834.80883254483
574,207944.33322651597
1227,170694.3717173079
2591,197621.5442583491
1476,217218.97155388203
1125,240417.5189439711
1446,138924.54739375965
408,126121.65588698834
1101,295104.16533412255
2251,195565.86199928363
373,182682.21633995455
2554,120382.16556437612
2382,262492.09193404793
1985,98068.64856984012
519,225981.6535606587
1093,188651.45212469116
864,255603.55917155006
2889,145406.70599862054
2308,178790.9476469431
986,160383.68615976174
1302,150467.52568093984
585,163231.72091611693
2708,152695.52820674522
147,135451.2948723286
1441,236995.5540835127
383,179399.81585010863
285,134356.66847364543
181,112110.3594933834
358,195082.81686159153
780,157765.93595642885
258,195981.45850358045
1865,207114.85258927156
692,117634.90352303455
2902,361024.48605632037
508,247435.94288835878
2638,140524.9416929562
36,144898.0517688153
611,166241.89306519533
2281,141744.20660953966
1678,124961.11585041253
1696,575254.1575352014
1557,58038.10684076079
2180,146256.6217378865
1726,206871.35892451176
951,145824.39470832102
267,221427.6362443775
2706,138831.4267004154
2221,260450.27461240842
1357,182234.84698091645
2901,345760.70577795454
347,173213.50479994706
2164,192368.39525650666
1586,335561.9013335098
360,157431.32037727998
1769,240356.55082251524
2617,136042.45225486474
1879,149662.04571304098
991,240219.08576422773
1535,114784.69600642023
1191,153454.17783790582
1579,201503.62080596434
1882,150580.02503586328
1510,122097.4286826734
2196,127589.958039957
1845,167852.80927736175
2336,361199.0904441506
942,93526.16450511417
861,128580.58303259342
2555,107738.98023703259
1392,142114.69404573686
2099,256307.91253409084
1543,129525.64705235841
948,295288.5727417457
1239,162775.2553474079
22,175639.7617327034
2796,247370.39842255122
2747,186881.96527826425
92,285507.62535047706
210,159114.82942383812
1858,194025.6170006129
2228,161837.09585345665
447,211218.635497101
827,261252.80996625518
1649,187225.3748659535
682,132390.4580559472
2698,107674.85155401444
494,172743.89820689772
214,59317.07932627859
2441,242789.92115864708
2679,111398.45821953032
1336,117720.58031066957
465,179450.91485326976
1524,148214.78417627208
2543,113834.43035037126
631,134620.16215711643
2452,292373.59919091687
228,152494.11094183807
126,186970.18373327993
1092,228033.5453841441
1122,194340.58053839378
932,218666.3901444183
1980,97780.50644570246
2171,101382.65429850962
551,167297.9217167533
2768,169451.50029373518
2056,114586.72752270364
1159,353488.1250595355
2645,123016.09395782065
1174,168895.92096990804
2266,224102.80837818785
2462,449528.4594675959
1219,146153.97842124657
2922,197111.34264511685
118,138593.3830762874
474,171841.95478490778
2576,148570.12345471873
872,304040.5574179125
1077,209322.3507405642
1536,135621.43076465398
1150,117467.54037598282
2341,320632.3457998325
1931,153916.11510058073
2785,129313.1079912026
2538,128551.6415207251
597,206874.35552317937
464,184503.14179310788
233,246046.04623637814
2169,122529.49466397183
2123,168245.70514786936
1867,158439.82476294192
137,236202.55273672388
515,217773.25852084378
933,125398.40283295044
2784,168672.30760146052
972,162793.98346529182
599,150054.60718273697
2614,123647.83813609551
2582,134449.23005876457
1409,160829.54637650007
175,87518.77945375086
352,204787.54935999788
976,90092.03938363913
2134,192577.39477613987
984,116981.8268764192
2396,381911.35374582885
1673,139413.37571736216
404,135897.43126572194
607,151811.41037878094
814,143328.46968532787
868,189284.1746085314
2271,184146.63205592788
1633,216677.97470665252
337,158948.6231687071
2765,187731.32319916817
1746,267130.3568098615
368,308342.1319736459
2806,214644.65349402846
1662,184727.9474961491
1234,226214.91679091007
1373,127422.80974032619
1672,119277.66039074151
1939,121205.89706259851
