Id,SalePrice
2658,152455.1729144682
2718,149171.2078092191
2414,218173.8517994262
1989,102212.83508315575
625,168022.00930526378
333,97829.18066668777
1327,110917.89173944308
858,154911.97075291874
95,187685.13113499634
1568,165723.34198294848
2482,156302.75973385698
1364,129418.56713182949
2584,146396.5701917384
818,277575.87479583797
2673,134792.3146754738
2089,126646.03103409125
1297,148982.5758023299
790,117036.25434280868
2616,180847.54609071
720,180880.3530598187
222,149597.3951834248
557,133468.78223163154
1148,186751.85229187683
2766,169145.1930217918
534,180163.95571785135
1452,126454.23696291457
630,114843.9247562201
2648,113857.81196077891
125,155343.07924804208
1904,76631.22269199889
1670,113313.36191791552
756,86758.98967019317
717,218335.27007132344
1032,153733.41863976928
852,206520.32676341909
1731,176736.5943263174
2639,115959.17897823919
2071,105938.57019212065
1267,141545.78441603636
1851,192621.9724770899
567,172671.87555867567
2439,204915.72617622808
1898,151041.04101616784
647,157164.02881817665
2256,221132.65849659176
979,98288.41015294568
1444,218228.06182379057
2485,121661.23601016223
157,129658.29271467324
88,121347.7776941998
2003,113640.97327616082
186,220826.44221472248
1425,243041.2426756322
2695,126739.88401374145
738,106569.58867863804
395,156497.55831801638
1353,157851.5259407833
1878,136618.23830799165
390,155486.3989887618
1456,241091.70018331995
1103,319891.30658045865
1387,119717.195435502
2070,142382.27697002573
1199,169158.5549164935
2479,167840.2069959375
501,288148.2912705944
2362,102794.69759998989
1718,198322.88541405438
2188,102198.24324280325
1483,154782.739832793
2557,98082.13733192236
437,409220.9344881822
2224,190089.11518792136
1628,167934.38771744998
397,142875.52570424773
587,187282.57029189885
971,142619.47701580252
2611,143764.03045124712
1887,108847.97913216063
2399,372682.2925890194
2148,195480.9206709076
304,113793.73357547216
1997,127518.29710852458
2817,111256.51114318338
1431,206333.75443028891
427,328533.02377583034
263,128605.7138101774
598,166860.1721628378
2895,232668.06091713358
687,124925.38672777191
1822,140414.75018581928
2191,106806.17238547586
179,118705.59386610842
1009,214147.01331536303
2010,135291.21272503524
1991,133006.67781412238
1411,155712.50292426103
1721,219506.9056813291
1144,186054.794327867
593,212280.37375508467
575,343480.0218219613
1249,155771.09580644828
1604,125676.09837677373
1064,589644.6953718837
1923,155199.60101842677
1988,114641.37550845476
2325,169226.47673057893
114,198822.2807099096
2700,153579.670676113
217,128932.86965566067
343,171638.5239038823
386,221263.07353646247
2005,128873.13446948263
2908,136974.48236155108
1814,243958.45313675428
2446,691420.4998205284
208,141716.78016273203
1679,113003.28649130423
822,334502.5790306818
6,193122.4531514884
1781,422344.4845692527
2397,273984.2783013959
2340,315298.33875293954
1618,180415.19850472372
2843,102163.77826486125
1061,375784.5091740839
2786,130511.69966182337
1935,140185.41417531387
1341,115679.59888641753
521,284161.22844144696
2136,136976.29864422648
996,197034.6179731593
227,143539.47343328604
135,177808.46144346189
1167,173973.2514289576
294,225194.09262517287
1776,204107.55093563662
540,160483.18176380242
1717,202099.4164323454
2303,135390.5527553394
116,174336.21733364425
127,135764.14698728884
1371,138119.00068449555
1014,123301.30190843025
1507,121774.44065374215
702,112829.43583097163
750,141444.0876748677
261,150956.69175796153
1559,71561.6361467435
577,211498.47696706647
2812,193500.15963095854
2080,147929.72563339135
1368,111738.24230756292
2376,130128.34680176749
659,111674.16432014934
1235,137786.1800191376
332,86724.90257197357
1917,140350.86538455955
2094,250072.22658013657
1460,242542.6277360956
1471,217497.60144751146
1509,125264.70518506649
1922,135731.7286423067
433,634165.8435488218
460,236297.29452952064
1116,238359.28211097978
1137,161021.5727679578
53,170564.73119484942
2354,270620.71003252047
1475,194422.99953553404
1761,726451.3604452618
842,144994.3051136735
2739,131855.88509968427
2509,158563.8444669911
1007,201187.88099024937
2610,179070.1563027723
1952,89372.2424677157
2719,151453.46107854715
2921,88278.52081600906
1966,141288.02455506637
292,113197.34879024056
1204,178194.13058597306
1829,264440.6017836482
2419,185123.1024403934
391,146411.9139109689
798,106481.96059650434
481,199723.84371645385
193,179331.78988296658
555,122413.31746106589
899,68737.96388652427
2357,168980.79430258652
328,117185.82412947559
1356,113738.05662298111
1154,110132.83687484896
1730,175530.6947991807
2249,152601.10528278237
1119,289737.4035441633
2856,141366.33988505628
1394,128821.5074896655
2587,131239.65558964704
61,298582.49630198686
2661,160160.42211579886
2711,130856.49529789994
1147,174692.96259341875
757,125728.26391456439
2623,106962.77881960661
2378,141843.6068120834
1413,143194.8552053147
1722,212668.32638519738
1112,218974.72978667848
1623,193875.05475070002
1201,180401.91058894215
1513,116376.17342588444
957,1263041.5795349868
1171,261701.1129681832
1145,186530.40472757333
2726,229184.86919343012
703,138336.32705783026
760,97497.97009481917
1964,150096.84285061443
2512,172295.96051290858
159,138863.77031708276
1281,161252.0830402687
468,180978.54429290132
290,124521.77210203615
665,98895.71663631096
1463,249874.92936188963
1792,221719.30420080226
923,151932.9111300837
500,251167.52000745703
1408,183087.064875789
331,88923.79844734329
170,118396.11511416553
2192,103980.1943114687
2571,281409.1704730959
2314,175488.22669125555
2647,93804.04553329413
422,480439.1152817437
2457,393266.2676734674
1838,203180.73606789883
2805,249845.50124310137
1645,154777.04673636678
1711,282111.92967152275
2825,228537.72416390292
322,326569.09241315676
2103,257834.97946654304
342,122525.2148996669
600,132826.87134438005
488,175733.97476969234
1725,285038.23550100974
2246,289509.6984163534
2847,151482.02157377065
806,229962.90950323385
530,234177.84814046367
963,186587.65840062482
2678,102856.85267247338
171,100417.73725018081
2401,469918.8431990408
805,224978.07923370658
2259,240852.8247824176
1748,184788.62572406145
1361,139102.54721166572
1677,113837.2302336732
1406,140025.13520369987
2322,250729.16624205274
688,146154.0549596936
143,139963.44098818215
804,213080.18295068762
1214,147121.30885183535
2828,146543.49217925273
1999,122826.67925514925
2467,199118.33541563473
2665,150156.80267251283
1538,474055.83549651253
398,123901.8714177004
2822,133422.04620466128
2157,147657.41121160125
1856,188247.44357357413
1269,111126.04335431749
2570,120276.77783292774
2320,232545.28942021634
1517,137723.43169964547
2304,142157.38900522335
1312,100855.42407784695
2012,138056.11480784975
506,251734.2353875957
2865,234991.03460690752
2367,104992.34005722815
554,86911.6658795477
238,128802.92944379571
1954,123939.44549831381
2488,127352.67382554593
2291,85290.16837651304
1969,115421.0920139707
2725,152074.43964138534
1482,153484.88515823035
2763,191812.2324556435
503,253051.79404552068
1584,246498.6773531375
1531,140838.1011984581
2210,156839.13305375885
459,319671.454112774
556,132821.94493076997
1347,125512.31491156633
1290,87054.32288693119
1388,106681.63182901633
1571,618316.9769114485
2754,196167.5444850427
765,128898.42785094309
2494,130491.51639056754
2870,243561.74535956245
7,215231.83612546016
1114,243972.98195290923
2418,273011.6446077449
291,130412.48651186211
18,306805.8742505286
39,382554.45581051405
1001,237294.27005561139
2442,221010.7075178283
616,124156.5037424798
2680,82236.31175434157
1414,134948.73690307047
289,150378.82375962439
40,248841.47672725044
860,127377.38395876903
409,141369.428482523
673,146442.6053210869
2427,173942.58523098307
2036,203011.032126469
2564,145398.53178946755
642,139691.06814173528
1008,169809.37972232245
1908,133385.33033962394
2519,188790.08347400566
1369,102023.96891049045
2855,167687.67531822817
712,106192.59203086286
1943,118563.71199087633
1958,126877.58016164224
107,152398.43220902295
2295,196762.28554231027
704,96691.26535784564
676,153334.03629089866
259,180734.50551703345
93,281906.3161608486
106,250830.3576578949
2315,175587.64245499516
1050,116745.75592960294
1095,208715.2526532041
2709,147508.391876892
758,125664.28725556482
1496,151907.33395906474
2370,123634.24688473743
2458,282406.46272800566
2733,128592.4911173042
161,286171.85699332674
726,150688.34563886293
845,203769.1394124861
947,243944.52902064548
2232,119512.6271991387
2563,155579.40352973598
2299,128955.24573149548
211,87568.9945691785
605,145210.67624835332
1478,195259.11174219006
2247,282517.0177434023
2274,199396.79541417616
2869,222519.6073704311
967,208069.2334611262
2656,127283.74046098898
667,175711.30049914104
1042,112012.65276138565
2023,153917.907171936
2447,393244.37361931603
2055,128107.08468611642
2275,294565.44927500054
2204,176391.0259688001
1563,278885.7928016145
483,211513.36424621218
796,128649.67674460857
1526,177781.3102954074
2042,111859.44967805415
442,339035.86860350886
1693,310304.1014446305
1468,218613.43942013223
1430,189224.64884485063
2605,122671.25566858749
1529,202120.39911324595
335,147811.76938636292
1287,126170.27767391573
31,104811.52968877654
1785,299126.7984546558
82,156511.7682379592
2620,104873.66860650836
252,186150.7057556286
721,60717.329294426505
2165,180204.21857386763
2316,186343.9918272546
775,131395.50834207816
1558,67944.169366036
17,234010.53369720574
1022,211286.28075618614
925,132445.1411598226
438,271838.5235820937
1270,138743.40985393978
1272,128046.23654405914
215,129525.53603117207
266,235004.42641620256
2402,269066.6343626722
1250,131888.22548589637
1984,120272.52317365764
1279,141217.7911798205
377,260339.77609081214
1252,125880.97577917886
2156,259442.2339014995
499,318096.81264581217
1374,133431.98422484586
2898,241480.20492888728
401,118356.08306474698
2721,149176.6651824439
2078,212034.10087613048
2589,128673.92925958087
1946,220887.62850210114
1334,119948.37397285023
2781,227347.1913278965
431,398747.10796076234
576,187264.4812309716
1474,207265.2348557064
2254,143831.5790557975
2155,291496.4784489856
885,102913.64175036162
643,141157.54634454902
1944,129607.89001468946
480,195480.77113078543
2845,100113.27912202751
2387,320272.77943037613
2407,202369.69467116467
2527,160557.26344941687
2514,156642.3295281452
629,142236.3898893819
80,294151.32392690127
1876,143071.78655381285
1546,125158.91282797056
2518,173300.19052923468
2347,146405.5569136267
783,238611.8705382671
1322,63445.05831315671
194,90834.01960644373
1770,288007.0515875859
2143,129993.1534694694
1229,200046.93102646284
511,294977.394480912
46,226627.5771128519
1348,141928.5523356557
2465,197201.16816610054
387,233916.86997056686
873,216691.27930355148
1918,128749.70088101199
2764,234494.84670556654
2184,123971.02092074216
934,141778.17994286583
1920,133248.0246208984
2631,144226.71629366855
1768,855153.6646999002
2040,124717.32537415664
1749,211491.43935272656
834,250297.32857047298
1457,227870.64830705003
79,123457.8394193677
2302,131200.42369762002
1817,146936.03381245007
2755,235151.94763068954
359,176693.32315318857
2059,116245.56162756546
2092,243586.07901585216
2516,224070.78972597988
150,124779.65051396801
1656,138410.9649078811
83,93060.22253673636
2411,179356.5590762303
795,79880.26303437304
2312,216322.1859137547
2917,94048.72653889876
1624,176028.6720393288
2215,325311.0085467777
1211,150202.33104210094
1485,156032.96091735814
1024,167144.1398555642
570,206692.98950514325
2874,138178.2348355201
700,119055.46175238189
2756,206503.34959575918
2022,177158.40245758896
583,250265.85184376346
2392,374299.9991482027
2424,176513.979401201
212,109691.94674899607
736,132429.81667269988
1610,147208.80273723073
890,123174.34961322944
467,179725.6280172217
578,196326.51529484126
1747,196303.67265750252
1149,159436.65575324514
2758,251567.98477851832
857,141679.38191214704
2219,297534.9637342031
733,80636.44645817032
2909,109946.90217904044
1798,266404.34425815975
235,116129.25104593649
2366,133527.79322462538
1027,134265.72670080914
1195,139574.01626005757
1303,70506.14479802501
148,175937.05928429004
608,152123.64770780862
2515,196193.2675498321
821,266672.4224563347
2500,255542.8903159586
745,112751.20354470362
741,127957.95241313973
1611,110460.875940649
2532,128171.76226808345
1081,226452.4285142562
1692,477061.143300453
2520,163012.8794058467
276,103945.10223506836
1992,127660.05739956061
663,77132.7986442428
418,127591.2507447961
1733,194045.187701686
2359,148150.5599538395
253,182458.51903126933
1518,221617.21727697
2035,124766.57759616159
2919,86417.83587015391
1540,290471.85452943563
2120,149164.3299029362
1674,174121.12698552612
256,154346.02253643615
2361,125001.58044664396
978,86274.18931868863
2280,134766.39825632653
2095,286815.49395116186
1709,346514.2723691921
2801,259589.50973629463
1246,123000.77268717434
2373,105471.00386566862
1055,294012.4763212848
2017,122612.96536588155
1099,243319.09670315712
1344,95389.65902181715
835,167344.95807494115
1117,205566.1340630821
2043,93503.22207074928
2085,117548.87458436463
410,142961.58290340158
2650,119404.67312224528
2867,190277.23142543095
1668,120492.37173662521
1161,171690.95638009434
2122,164414.19506214643
2539,151573.30970478067
1047,141137.2211831496
1445,130411.51317032379
541,122571.06894010048
569,225266.88973085443
1276,121559.58551988102
918,156398.3957253845
326,169318.01609883818
1936,129121.56876464194
895,104814.44364912577
257,149141.66197335668
1241,177873.76853521832
1545,117429.9355680811
1189,168005.2342888031
270,149878.73006043962
2066,151428.62185967804
693,114030.3525150143
1259,122623.50718644742
2916,154558.7837132032
2321,301556.17812589376
1977,96402.23084337961
1895,145026.6005649623
1240,158957.2605276021
85,144027.11510996553
1823,120074.77061766722
825,309488.98754232586
110,236862.68336442133
697,119190.22072135008
2297,126733.65797117823
1231,138939.92511827024
1355,130097.30952639382
968,353758.42671864945
584,215387.71910710412
1315,134056.44772402925
1606,144912.94899475665
206,93611.16110940072
1685,352905.5223864711
2016,136064.99566130916
869,202618.9751925448
2135,129758.76448164468
2346,173807.4457362909
2430,232127.6827299241
2198,78665.16020026221
2652,122813.28805888056
27,118577.74658756854
241,164122.80196079743
906,126702.5618096701
1506,114436.68045178446
2098,404894.0374098502
1435,217986.97660160295
2213,140981.84580040275
1274,138505.82950514366
743,56481.24796759697
1737,193978.19372678286
2797,283598.04878821113
2185,77467.0070159542
58,170378.87548495943
830,199757.44700841585
808,120593.56271943518
680,141448.28720784784
1153,109842.14860859691
1291,123131.10227469231
1818,140793.0070888743
2161,182871.82169841728
1883,123581.19685330789
350,376889.02339269
2473,131517.97860135816
295,185158.08922315863
293,184592.06606382877
859,137928.8301597899
288,81821.53524983095
1578,145194.95105443048
102,194893.90405822982
2831,142829.49128983772
1030,151649.28819329297
2551,149649.94683041982
1286,143995.38698524816
958,318024.57661498885
776,133671.98240342567
72,233073.54194787497
2263,251897.17993072627
1866,158130.02879120412
2876,85254.63321868991
2146,243249.63109973315
103,175106.59564094446
1500,142169.2429622935
492,186949.0085675402
167,143089.70403018763
2597,118813.33507117679
2685,113163.79365463644
1035,154139.92790158137
1220,86150.41322819667
2602,165802.86696028805
2159,200858.5917036432
695,123102.98174552678
1109,256950.38965909288
640,171445.88622479895
1652,147626.49924553634
2090,179467.7210662621
1188,168862.067764157
2345,266508.82892360544
1059,449269.00410011027
2751,225516.3123414992
128,198744.55529722807
1523,182923.96819728985
2925,181056.07500714227
2145,299552.1213338306
1121,222463.34099093947
566,259820.8272288221
565,251402.29385765272
1331,130455.83306143327
2928,128546.31619097263
156,146751.86634679904
797,121704.40152546082
327,95851.27710143958
2859,148148.94071578252
1453,124909.39158458062
1762,354282.6951092252
1868,198029.74031794743
1760,177591.7942602438
1113,239978.74014668597
1812,189889.4860372163
117,154346.13372590693
1142,205140.6224185796
2342,448019.85969823407
927,146317.92373887025
2478,178367.13429178705
655,94646.40850950612
2064,123971.00921044505
369,278436.9044853356
2239,119302.40982421648
2732,206980.40444555818
1653,157114.35432914077
959,213242.6645334828
2395,349916.9073784668
1412,103134.70599503783
271,224739.49326743826
1484,154055.2736783442
1497,149041.80372424118
552,162861.67145718032
2,117263.04553348306
1855,311349.0118123035
4,258515.17057582407
2292,158996.7976476172
134,146114.63049141708
646,115694.9788171054
42,289053.6606669946
532,225399.6249477043
713,95954.07360951211
2561,135094.1146361209
2360,134980.63076591003
1333,117731.62146260471
1407,267702.1570421379
2892,335387.33910105424
574,216560.06755562927
1227,178564.66359857057
2591,221943.82709618736
1476,216506.26942631163
1125,252478.89988980262
1446,154324.25435953017
408,120353.11258994181
1101,289326.65943660546
2251,192374.22552569743
373,168041.18036124116
2554,136443.25079211695
2382,258682.27595040962
1985,92410.59875470879
519,243730.76084231996
1093,188421.8780857807
864,249289.14812975947
2889,143221.0939670669
2308,175344.9981857924
986,245946.45506870284
1302,139481.80659035535
585,156566.4817810381
2708,151444.13472222653
147,132355.45576116772
1441,228461.29178700992
383,198394.23647733536
285,139224.05302783992
181,114214.48535556998
358,201143.69685570122
780,172190.06542459328
258,193002.861389961
1865,225591.49306924298
692,118923.38412716375
2902,354165.89840333106
508,260786.7177450786
2638,142584.31730889255
36,142858.32742937846
611,168599.68791514297
2281,147891.15017273865
1678,114841.61123122551
1696,519303.41924215504
1557,67925.37243959858
2180,154216.58974064435
1726,212314.34304992083
951,148369.1373027778
267,221953.94486711686
2706,140972.84861583132
2221,260760.35892094494
1357,163663.05004246262
2901,336617.3875295834
347,175397.19503753082
2164,187191.20009876371
1586,322341.7719107376
360,157871.77112473294
1769,243266.49670247576
2617,160531.5100691741
1879,134809.96899127192
991,254840.7309575057
1535,122301.19310048487
1191,139500.5965939959
1579,214494.60602774264
1882,73374.00256779791
1510,127695.32807143364
2196,139943.38245485036
1845,183658.31367186652
2336,407114.6004028686
942,93553.3469381539
861,132602.44073583392
2555,120664.9119358909
1392,160071.43113113457
2099,256059.824393283
1543,126042.33451785294
948,266816.6153855948
1239,167752.71984784547
22,182420.48494969928
2796,242646.4594985999
2747,178789.0454473184
92,272159.5421216683
210,166365.26994455114
1858,191999.60792514216
2228,155486.31614170797
447,217440.556013911
827,246304.9154077341
1649,208421.93241250716
682,140465.11503878536
2698,108666.72967524662
494,169165.0793051267
214,68012.88172623134
2441,228060.1257271162
2679,103039.68687016968
1336,123392.98800310201
465,177778.8658878183
1524,145831.8853964588
2543,113660.23989022274
631,144899.50465922075
2452,304901.74903971364
228,154612.22730657776
126,202302.79812259416
1092,238980.11437137472
1122,206626.65183921822
932,244209.8311414854
1980,92023.18941357295
2171,108896.59400542578
551,161206.95709773805
2768,169091.5759137055
2056,113033.86781933294
1159,357991.9672931518
2645,113187.30771009662
1174,176632.2327301958
2266,209810.63702810474
2462,448418.2361430491
1219,151145.2649289335
2922,167227.23290392876
118,141913.57527207196
474,168986.3465483013
2576,144270.13084820978
872,297076.0365870172
1077,207443.31628226014
1536,134108.92612154878
1150,117509.97968442891
2341,336560.52135030244
1931,154299.88941423068
2785,135691.896066155
2538,130583.01151392622
597,192235.2055703585
464,183855.69631167752
233,251558.14877034392
2169,131056.7761710319
2123,174932.22177017835
1867,157879.96834915475
137,261107.5677446424
515,245623.17833684364
933,120579.17207338645
2784,164189.66765668493
972,164487.1958946757
599,152328.56932350245
2614,128059.67115479014
2582,139611.16246586436
1409,162626.4501900396
175,94554.06961543373
352,217047.53989836675
976,95977.54668349859
2134,192673.5121945473
984,118514.48049126867
2396,373994.9997127489
1673,143976.20496492676
404,126151.92181728303
607,153099.252374942
814,144957.52054041342
868,185873.60931763944
2271,183632.5827513221
1633,227415.7393574397
337,141394.31909548125
2765,175438.52602981273
1746,256756.0163237914
368,325644.33594650007
2806,204815.63473976147
1662,187235.97220271823
1234,224039.67484144797
1373,126900.64638743993
1672,118080.91169945602
1939,127042.93659984866
